Each line represent a round and it contains the input bits for the active sboxes in that round.
Last round contains the output bit from the active sboxes in the last round. 

[122, 125, 126]
[26, 77]
[12, 15, 80, 89, 92, 106, 126]
[16, 25, 26, 42, 44, 62, 76, 78, 79, 89, 94, 105, 106, 110, 112, 121, 122, 123, 128]
[9, 10, 11, 12, 13, 14, 16, 27, 41, 42, 44, 46, 58, 59, 64, 75, 77, 78, 79, 80, 92, 96, 105, 106, 109, 111, 121, 125, 127]
[9, 11, 12, 14, 15, 25, 26, 27, 28, 31, 41, 42, 43, 45, 57, 61, 62, 74, 75, 78, 79, 89, 94, 95, 105, 107, 108, 121, 125, 126]
[9, 14, 15, 16, 26, 27, 28, 29, 41, 44, 47, 48, 59, 62, 64, 73, 74, 75, 76, 78, 79, 80, 89, 90, 92, 111, 121, 125, 127, 128]
[9, 11, 15, 25, 27, 41, 58, 63, 64, 73, 74, 76, 79, 92, 93, 94, 105, 106, 109, 121, 122, 127, 128]
[16, 28, 30, 41, 42, 47, 57, 58, 63, 73, 75, 76, 77, 78, 79, 80, 91, 93, 94, 96, 105, 107, 108, 109, 110, 112, 123, 125, 126, 128]
[9, 10, 11, 12, 13, 15, 16, 28, 41, 42, 46, 59, 60, 61, 74, 79, 89, 90, 94, 96, 105, 106, 108, 121, 123, 124, 125, 127]
[9, 10, 11, 12, 27, 28, 29, 30, 31, 41, 43, 47, 48, 59, 63, 73, 75, 76, 77, 78, 79, 89, 90, 91, 92, 93, 95, 105, 108, 111, 122, 123, 126]
[10, 14, 15, 30, 41, 42, 43, 46, 47, 57, 58, 59, 60, 61, 62, 73, 74, 77, 78, 89, 91, 92, 94, 95, 105, 107, 109, 121, 123, 124, 127]
[9, 10, 11, 25, 29, 32, 41, 42, 46, 47, 57, 58, 61, 62, 63, 64, 73, 74, 75, 76, 80, 90, 95, 105, 107, 111, 125, 126, 128]
[10, 26, 29, 30, 41, 44, 45, 58, 61, 62, 63, 74, 75, 77, 78, 89, 90, 105, 107, 108, 109, 112, 127, 128]
[10, 11, 12, 16, 25, 26, 28, 29, 61, 62, 73, 74, 76, 77, 79, 89, 91, 92, 94, 95, 106, 107, 109, 110, 112, 121, 122]
[10, 11, 13, 26, 29, 43, 44, 58, 60, 62, 75, 76, 78, 80, 90, 92, 93, 94, 105, 106, 109, 110, 111, 112, 124, 126, 127]
[9, 10, 14, 15, 16, 25, 26, 29, 45, 48, 57, 59, 60, 61, 62, 64, 73, 77, 80, 89, 90, 93, 94, 95, 105, 106, 107, 108, 109, 112, 121, 122, 123, 124, 126]
[10, 11, 13, 14, 25, 26, 27, 28, 29, 31, 41, 42, 44, 45, 46, 48, 57, 59, 63, 73, 78, 90, 91, 92, 93, 95, 105, 106, 112]
[11, 13, 30, 31, 32, 42, 45, 46, 48, 57, 58, 61, 64, 74, 75, 76, 78, 80, 90, 93, 96, 106, 108, 109, 110, 122, 123, 124, 125, 127]
[9, 12, 26, 27, 29, 31, 32, 41, 43, 45, 47, 48, 58, 59, 62, 64, 74, 75, 78, 79, 89, 91, 92, 96, 106, 108, 112, 121, 126]
[10, 12, 13, 15, 16, 28, 29, 30, 44, 45, 46, 58, 59, 60, 62, 63, 73, 76, 80, 90, 91, 95, 108, 109, 112, 121, 125, 126]