Type: 6x4

Mapping: [10, 4, 2, 3, 10, 15, 12, 6, 6, 9, 11, 5, 1, 11, 0, 1, 9, 12, 8, 14, 14, 15, 8, 11, 2, 10, 1, 6, 12, 14, 8, 2, 0, 3, 11, 0, 9, 7, 10, 15, 4, 4, 4, 7, 12, 1, 13, 7, 0, 6, 13, 2, 3, 13, 5, 15, 14, 9, 5, 3, 8, 5, 7, 13]

Balanceness: [32, 32, 32, 32]

Non-linearity: [20, 24, 24, 24]

LAT Table:
  64,  32,  32,  32,  32,  32,  32,  32,  32,  32,  32,  32,  32,  32,  32,  32,
  32,  40,  40,  32,  38,  34,  30,  34,  28,  28,  32,  32,  30,  34,  34,  30,
  32,  36,  34,  30,  32,  24,  34,  26,  28,  32,  34,  38,  32,  32,  30,  38,
  32,  36,  26,  30,  34,  30,  36,  32,  36,  32,  30,  34,  38,  34,  32,  36,
  32,  38,  32,  30,  36,  26,  28,  34,  40,  38,  32,  38,  28,  34,  28,  34,
  32,  26,  28,  30,  30,  36,  34,  32,  32,  42,  40,  26,  34,  32,  34,  24,
  32,  38,  34,  32,  32,  34,  34,  28,  32,  38,  30,  36,  28,  30,  34,  36,
  32,  34,  30,  32,  30,  40,  36,  38,  36,  30,  34,  36,  34,  36,  32,  34,
  32,  34,  26,  36,  34,  36,  32,  34,  26,  36,  32,  34,  36,  30,  30,  40,
  32,  30,  34,  24,  40,  34,  30,  32,  30,  28,  32,  38,  26,  36,  32,  34,
  32,  26,  32,  34,  30,  36,  34,  32,  38,  32,  30,  40,  32,  30,  36,  34,
  32,  30,  32,  30,  40,  30,  36,  34,  30,  36,  42,  40,  30,  36,  30,  36,
  32,  36,  38,  34,  38,  34,  32,  36,  34,  30,  28,  32,  40,  36,  38,  26,
  32,  28,  34,  38,  32,  40,  38,  30,  26,  38,  28,  32,  30,  30,  36,  36,
  32,  32,  36,  36,  30,  26,  30,  34,  34,  26,  38,  22,  28,  32,  36,  40,
  32,  32,  40,  32,  36,  36,  32,  24,  30,  30,  34,  34,  34,  34,  34,  34,
  32,  30,  32,  38,  34,  28,  30,  24,  38,  36,  38,  36,  28,  30,  40,  34,
  32,  38,  28,  26,  32,  30,  24,  30,  26,  40,  34,  32,  34,  32,  38,  36,
  32,  30,  34,  32,  34,  32,  32,  30,  34,  32,  32,  30,  28,  26,  30,  28,
  32,  30,  38,  28,  28,  38,  38,  32,  34,  24,  32,  30,  26,  28,  36,  38,
  32,  32,  32,  40,  30,  34,  26,  38,  34,  34,  34,  34,  28,  32,  24,  28,
  32,  36,  24,  36,  32,  28,  36,  32,  34,  30,  30,  26,  26,  30,  34,  30,
  32,  36,  34,  30,  26,  30,  32,  36,  34,  30,  32,  36,  36,  24,  30,  34,
  32,  32,  34,  34,  32,  36,  30,  34,  30,  30,  32,  32,  34,  30,  40,  36,
  32,  36,  26,  30,  36,  36,  30,  30,  32,  28,  30,  34,  32,  32,  30,  38,
  32,  32,  30,  30,  34,  34,  32,  24,  28,  28,  34,  26,  30,  38,  36,  28,
  32,  32,  32,  32,  32,  40,  32,  32,  28,  28,  36,  36,  28,  36,  28,  28,
  32,  36,  36,  32,  34,  34,  30,  38,  28,  40,  28,  32,  34,  26,  34,  34,
  32,  26,  30,  32,  40,  30,  30,  36,  36,  30,  38,  32,  40,  30,  34,  32,
  32,  34,  30,  24,  26,  36,  32,  34,  36,  30,  34,  28,  38,  40,  28,  30,
  32,  34,  28,  30,  32,  34,  28,  30,  28,  30,  32,  34,  36,  30,  32,  26,
  32,  34,  28,  38,  30,  28,  34,  32,  32,  26,  32,  34,  34,  32,  34,  32,
  32,  40,  28,  28,  38,  26,  34,  30,  26,  30,  34,  22,  32,  32,  32,  32,
  32,  32,  32,  32,  36,  36,  36,  28,  34,  30,  26,  30,  34,  30,  34,  30,
  32,  28,  26,  30,  26,  38,  28,  24,  26,  34,  36,  36,  32,  32,  34,  34,
  32,  28,  30,  18,  28,  28,  26,  34,  38,  30,  32,  32,  26,  30,  36,  32,
  32,  26,  32,  26,  30,  36,  30,  28,  30,  28,  26,  32,  28,  30,  32,  34,
  32,  30,  24,  30,  40,  30,  32,  30,  34,  36,  26,  28,  30,  32,  30,  32,
  32,  34,  38,  32,  38,  32,  28,  30,  34,  32,  24,  30,  28,  34,  34,  32,
  32,  30,  30,  36,  28,  30,  34,  36,  26,  36,  28,  30,  30,  28,  24,  38,
  32,  34,  34,  36,  24,  30,  30,  28,  28,  26,  30,  36,  28,  30,  26,  28,
  32,  38,  30,  28,  30,  36,  32,  30,  28,  30,  30,  32,  30,  32,  28,  30,
  32,  34,  36,  30,  32,  34,  32,  26,  28,  34,  44,  26,  32,  30,  28,  34,
  32,  30,  24,  30,  34,  28,  30,  40,  24,  26,  32,  42,  26,  32,  38,  28,
  32,  32,  34,  34,  32,  28,  30,  26,  32,  28,  34,  38,  32,  32,  22,  30,
  32,  32,  34,  26,  34,  34,  32,  32,  36,  32,  34,  30,  26,  30,  28,  40,
  32,  28,  36,  32,  28,  24,  28,  32,  28,  36,  28,  36,  28,  36,  40,  24,
  32,  20,  28,  32,  34,  26,  34,  26,  28,  28,  32,  32,  38,  26,  30,  34,
  32,  26,  32,  26,  32,  34,  28,  38,  36,  34,  32,  30,  32,  30,  32,  38,
  32,  34,  24,  34,  30,  36,  34,  32,  36,  26,  36,  34,  34,  36,  38,  32,
  32,  34,  30,  32,  36,  34,  38,  36,  28,  34,  34,  32,  24,  26,  34,  28,
  32,  34,  30,  32,  38,  32,  32,  34,  32,  22,  34,  32,  34,  16,  32,  30,
  32,  32,  28,  28,  32,  32,  32,  32,  28,  32,  28,  32,  32,  36,  28,  32,
  32,  36,  32,  28,  26,  34,  30,  38,  24,  32,  32,  32,  34,  30,  38,  34,
  32,  36,  34,  30,  24,  24,  46,  30,  32,  32,  34,  34,  32,  36,  38,  34,
  32,  32,  30,  38,  30,  30,  24,  32,  32,  28,  34,  30,  34,  38,  32,  36,
  32,  40,  30,  30,  26,  34,  24,  24,  38,  34,  28,  32,  36,  24,  34,  30,
  32,  28,  38,  34,  32,  32,  22,  30,  30,  30,  32,  32,  38,  34,  32,  36,
  32,  36,  32,  36,  34,  34,  26,  34,  30,  30,  42,  34,  32,  28,  36,  32,
  32,  32,  24,  40,  36,  36,  28,  28,  34,  30,  26,  30,  26,  38,  34,  38,
  32,  34,  30,  32,  34,  36,  32,  26,  38,  36,  36,  34,  28,  26,  34,  24,
  32,  34,  34,  28,  36,  34,  38,  28,  34,  32,  32,  38,  38,  32,  28,  30,
  32,  34,  32,  34,  30,  36,  30,  36,  34,  32,  38,  28,  24,  34,  28,  30,
  32,  26,  36,  30,  36,  30,  32,  34,  26,  32,  30,  28,  34,  32,  30,  28,

Maximum: 46
Minimum: 16
Bias: 0.25

DAT Table:
  64,   0,   0,   0,   0,   0,   0,   0,   0,   0,   0,   0,   0,   0,   0,   0,
   2,   6,   2,   6,   0,   6,   6,   4,   2,   0,  12,   2,   0,   4,   8,   4,
   2,   6,   4,   8,   6,   0,   8,   2,   6,   2,   4,   4,   6,   4,   0,   2,
   6,   0,   6,   6,   4,   4,   6,   4,   4,   2,   0,   8,   8,   4,   2,   0,
   6,   2,   4,   4,   8,   6,   2,   4,   4,   6,   0,   6,   2,   2,   6,   2,
   0,   2,   4,   6,   6,   8,   6,   4,   6,   0,   8,   2,   2,   4,   4,   2,
   0,   4,   4,   2,   2,   2,  10,   4,  10,   6,   6,   0,   4,   4,   4,   2,
  10,   2,   4,   6,   4,   2,   0,   4,   2,  10,   2,   4,   4,   2,   2,   6,
   2,   4,   6,   0,   4,   2,   6,   8,   8,   6,   0,   6,   4,   2,   2,   4,
   2,   2,   4,   8,   4,   2,   4,   6,  10,   2,   2,   2,   2,   4,   8,   2,
   4,   4,   0,   2,  16,   6,   4,   0,   2,   0,  10,   2,   0,   8,   4,   2,
   2,   0,   2,   6,   4,   2,   2,  14,   0,   0,   4,   6,   6,   2,   4,  10,
   4,   0,   8,   6,   2,   4,   4,   4,   4,   2,   2,   2,  10,   6,   2,   4,
   4,   4,   0,  10,   2,   6,   4,   2,   0,   4,   8,   2,   2,  10,   4,   2,
   4,   8,   0,   2,   4,   4,   4,   6,   2,   2,   8,   6,   0,   4,   6,   4,
   4,   4,   6,   2,   6,   2,   2,   2,   6,   4,   4,   6,   4,   2,   8,   2,
   6,   2,   2,   8,  12,   4,   2,   0,   4,   0,  14,   0,   0,   8,   0,   2,
   4,   2,   4,   2,   6,   4,   4,   6,   0,   8,   4,   4,   4,   8,   2,   2,
   0,   4,  10,   0,   2,   2,   2,   4,   2,  10,   4,   6,   6,   2,   2,   8,
   4,   8,   4,   6,   2,   0,   4,   8,   6,   2,   2,   0,   4,   6,   6,   2,
   0,   8,   2,  12,   6,   0,   0,   8,   8,   2,   6,   2,   2,   2,   4,   2,
   6,   2,   6,   0,   2,   8,   6,   2,   4,   8,   2,   4,   2,   4,   4,   4,
   2,   2,  10,   4,   2,   6,   0,   2,   2,   6,   4,   6,   8,   4,   4,   2,
   2,   6,   0,   6,   8,   2,   4,   4,   0,   6,   6,   2,   4,   4,   0,  10,
   0,   4,   6,   6,   8,   6,   2,   0,   8,   2,   4,   2,   2,   2,   6,   6,
   4,   2,  10,   2,   6,   6,   4,   2,   4,   4,   4,   2,   2,   4,   6,   2,
   8,   2,   8,   0,   2,   4,   2,   2,   2,  12,   6,   2,   0,   2,  12,   0,
   4,   4,   6,   6,   6,   2,   4,   8,   6,   2,   4,   0,   4,   0,   2,   6,
   4,   4,   0,   2,   0,   4,   6,   8,  12,   2,   4,   0,   6,   4,   4,   4,
   8,   2,   4,   0,   2,   2,   2,   8,   2,  10,   8,   6,   0,   6,   2,   2,
   0,   6,   4,   4,   4,   6,   4,   4,   0,   6,   4,   4,   4,   6,   8,   0,
   0,   6,   2,   4,   8,   0,   2,   2,   6,   2,   2,   6,  10,   4,   6,   4,
   0,   0,   6,   6,   6,   4,   4,   2,   2,   6,   6,   2,   4,  10,   0,   6,
   2,   2,   6,   8,   4,   4,   4,   6,   2,   4,   2,   2,  10,   4,   2,   2,
  12,   6,   4,   2,   4,   2,   2,   4,   4,   2,   0,   6,   6,   0,   4,   6,
   0,  16,   0,   2,   0,   6,   4,   0,   6,   2,   6,   4,   0,   6,   4,   8,
   0,   6,   4,   4,   2,   4,   8,   4,   4,   4,   8,   2,   4,   4,   2,   4,
   2,   2,   2,   0,   2,   8,   2,  10,   4,   4,   2,   4,   6,   8,   0,   8,
   2,   2,   0,   8,   6,   8,   2,   4,   2,   4,   0,  10,   6,   6,   2,   2,
   0,   4,   2,   0,   8,   8,   6,   0,   0,   4,   6,   4,   4,   4,   6,   8,
   4,   4,   2,   2,   4,   4,  10,   2,   2,   0,   6,   0,   6,   8,   6,   4,
   4,   2,   4,   4,   2,   6,   2,   8,   0,   2,   2,  18,   2,   2,   4,   2,
   6,   4,   2,   2,   2,   0,   8,   8,   4,   8,   0,   6,   2,   2,   4,   6,
   6,   6,   4,   6,   0,   4,   6,   8,   6,   2,   4,   2,   0,   8,   2,   0,
   4,  12,   0,   2,   4,   4,   4,   2,   8,   4,   2,   4,   2,   2,   4,   6,
   4,   4,   4,   2,   4,   4,   0,   2,   2,   4,   6,  10,   2,   0,  10,   6,
   4,   4,  14,   2,   2,   2,   4,   4,   6,   0,   2,   8,   6,   0,   6,   0,
   2,   6,   4,   8,   2,   4,   2,   0,   2,   4,   2,   4,   6,  10,   4,   4,
   4,   4,   6,   2,   2,   6,   4,   4,   4,  10,   2,   0,   2,   0,   8,   6,
   4,   2,   4,   6,   4,   2,   8,   6,   4,   2,   2,   0,   6,   4,   4,   6,
   4,   4,   6,   4,   6,   6,   8,   2,   4,   2,   2,   2,   6,   4,   0,   4,
   0,   4,   6,   4,   2,  14,   0,   2,   2,   8,   2,   6,   6,   0,   6,   2,
   2,   6,   6,   2,   2,   4,   0,   2,   4,   6,   4,   6,  12,   0,   6,   2,
   2,   2,   2,   6,   4,   4,  10,   6,   6,   0,   2,   4,   2,   4,   4,   6,
   4,   6,   0,   6,   4,   2,   2,   4,  10,   4,   0,   2,   4,   6,   4,   6,
   4,   2,   4,   0,   2,   4,   8,   4,   2,   2,   6,   8,   2,   2,   8,   6,
   2,   0,  10,   0,   2,   6,   8,   4,   2,   6,   4,   4,   4,   6,   4,   2,
   2,  10,   0,   4,   2,   0,   4,   6,   8,   4,   6,   2,   2,   4,   0,  10,
   0,   6,   2,   8,   8,   4,   2,   2,   2,   2,   8,   8,   6,   4,   0,   2,
   0,   4,   8,   2,   6,   2,   2,   4,   4,   8,   2,   4,   2,   6,   8,   2,
   0,   4,   4,   4,   4,  10,   2,   0,   0,   6,   4,   6,   6,  10,   4,   0,
   4,   2,   2,   8,   4,   2,   0,   2,   4,   2,   4,   6,   6,   0,   4,  14,
   2,   4,   2,   2,   4,   2,   4,   4,  12,   4,   4,   2,   6,   2,   2,   8,
   2,   4,   4,   4,   0,   4,  10,   4,   2,   8,   2,   6,   6,   2,   2,   4,

Maximum: 18
Minimum: 0