best:  [-32384, -32384, -32384, -32896, -32384, -32896, -32384, -32384]
Valid:  True
[188, 194, 11, 47, 134, 114, 128, 80, 51, 119, 46, 33, 103, 54, 133, 177, 154, 9, 135, 251, 13, 31, 198, 186, 235, 59, 203, 61, 164, 249, 168, 62, 217, 107, 18, 173, 85, 99, 49, 178, 204, 67, 96, 243, 145, 124, 57, 236, 92, 138, 52, 176, 202, 245, 10, 27, 155, 150, 127, 20, 79, 156, 105, 126, 43, 48, 118, 75, 162, 6, 160, 229, 77, 121, 17, 23, 115, 230, 117, 53, 205, 163, 181, 240, 232, 50, 130, 250, 109, 223, 149, 210, 64, 125, 254, 36, 84, 242, 16, 15, 97, 201, 34, 175, 68, 88, 21, 112, 2, 142, 72, 215, 187, 122, 166, 233, 225, 8, 195, 94, 190, 12, 136, 161, 206, 169, 71, 182, 139, 252, 0, 3, 192, 66, 241, 35, 69, 141, 200, 185, 151, 1, 45, 42, 76, 19, 147, 41, 253, 98, 123, 56, 5, 101, 91, 207, 226, 22, 95, 58, 29, 157, 218, 183, 193, 87, 7, 216, 146, 60, 238, 199, 209, 143, 231, 24, 239, 108, 172, 120, 39, 110, 171, 32, 73, 219, 116, 222, 89, 55, 170, 247, 189, 153, 208, 100, 74, 102, 228, 131, 86, 83, 211, 37, 4, 224, 237, 246, 137, 14, 197, 174, 26, 78, 220, 152, 158, 113, 191, 165, 167, 221, 214, 227, 132, 144, 93, 104, 40, 90, 248, 184, 140, 159, 255, 44, 38, 63, 111, 196, 106, 82, 65, 70, 148, 30, 28, 25, 180, 81, 234, 213, 129, 212, 244, 179]
best:  [-32384, -32384, -32384, -32896, -32384, -32896, -32384, -32384]
Valid:  True
[188, 248, 160, 47, 134, 114, 128, 80, 51, 119, 46, 33, 103, 54, 133, 177, 154, 9, 135, 251, 13, 31, 198, 186, 235, 59, 168, 11, 254, 229, 77, 107, 121, 17, 197, 42, 228, 18, 35, 181, 22, 149, 223, 110, 192, 6, 82, 116, 4, 151, 32, 189, 88, 210, 143, 215, 72, 92, 225, 144, 239, 159, 109, 232, 202, 236, 117, 105, 65, 25, 127, 89, 115, 40, 15, 161, 52, 169, 182, 20, 10, 171, 131, 178, 29, 113, 41, 208, 90, 220, 243, 207, 199, 219, 64, 226, 148, 164, 100, 125, 111, 141, 150, 124, 93, 97, 12, 67, 238, 48, 44, 139, 86, 157, 174, 230, 34, 53, 19, 50, 27, 57, 26, 218, 158, 206, 118, 129, 101, 217, 71, 190, 179, 204, 194, 165, 205, 253, 175, 45, 152, 23, 196, 156, 102, 241, 172, 137, 167, 83, 173, 140, 28, 24, 75, 55, 163, 200, 81, 234, 98, 39, 49, 195, 5, 247, 58, 166, 104, 130, 120, 176, 36, 222, 61, 38, 203, 126, 106, 227, 112, 79, 252, 184, 209, 66, 240, 62, 21, 136, 7, 214, 183, 244, 145, 146, 138, 231, 108, 153, 2, 99, 191, 233, 237, 69, 73, 74, 245, 91, 56, 155, 84, 180, 147, 87, 212, 242, 0, 1, 70, 95, 122, 246, 187, 8, 211, 78, 14, 250, 63, 162, 3, 96, 201, 16, 213, 60, 30, 43, 85, 221, 170, 76, 123, 94, 185, 68, 249, 216, 132, 224, 142, 193, 255, 37]
best:  [-32384, -32384, -32384, -32896, -32384, -32384, -32896, -32384]
Valid:  True
[168, 160, 209, 9, 229, 77, 107, 121, 17, 177, 23, 115, 230, 178, 117, 48, 53, 99, 205, 164, 110, 204, 37, 225, 224, 76, 21, 196, 216, 24, 0, 93, 96, 243, 89, 156, 74, 248, 122, 44, 179, 140, 46, 59, 254, 137, 139, 92, 101, 148, 57, 116, 173, 249, 223, 134, 176, 135, 66, 235, 197, 65, 228, 194, 35, 144, 195, 18, 241, 203, 189, 56, 174, 63, 7, 138, 83, 104, 29, 36, 240, 91, 3, 222, 75, 79, 123, 102, 55, 51, 103, 42, 106, 81, 87, 141, 113, 182, 114, 226, 181, 84, 15, 208, 212, 64, 191, 82, 28, 190, 132, 80, 233, 72, 166, 239, 133, 151, 12, 198, 20, 127, 227, 220, 69, 119, 180, 32, 120, 152, 126, 62, 147, 109, 108, 90, 171, 61, 78, 11, 143, 158, 236, 2, 167, 105, 1, 183, 218, 50, 251, 58, 154, 213, 245, 186, 54, 253, 26, 86, 95, 215, 170, 49, 38, 145, 70, 188, 130, 214, 199, 85, 250, 237, 27, 60, 97, 169, 47, 217, 246, 131, 172, 30, 184, 232, 193, 231, 202, 211, 146, 4, 124, 159, 242, 136, 43, 8, 31, 34, 153, 187, 6, 88, 33, 14, 128, 16, 73, 41, 155, 22, 206, 200, 247, 210, 52, 68, 150, 252, 94, 142, 25, 19, 111, 149, 45, 175, 100, 5, 244, 185, 161, 219, 163, 129, 201, 192, 98, 67, 39, 112, 10, 165, 13, 162, 255, 125, 221, 118, 238, 40, 207, 234, 71, 157]
best:  [-32384, -32384, -32384, -32896, -32384, -32384, -32896, -32384]
Valid:  True
[168, 160, 209, 9, 229, 77, 107, 121, 17, 177, 23, 115, 230, 178, 117, 48, 53, 99, 205, 164, 110, 204, 37, 225, 224, 76, 191, 184, 67, 111, 181, 56, 161, 91, 79, 169, 109, 57, 157, 0, 140, 116, 237, 14, 234, 87, 4, 123, 206, 73, 75, 128, 162, 51, 119, 46, 33, 103, 171, 133, 92, 188, 135, 251, 13, 31, 243, 158, 124, 236, 138, 52, 176, 202, 245, 10, 27, 93, 21, 41, 241, 88, 150, 250, 25, 97, 244, 42, 104, 198, 215, 156, 85, 113, 233, 80, 122, 212, 60, 65, 210, 240, 34, 182, 227, 78, 166, 235, 45, 35, 64, 1, 106, 231, 32, 137, 186, 19, 219, 175, 211, 20, 130, 126, 201, 136, 203, 220, 247, 249, 66, 179, 38, 132, 226, 217, 59, 228, 2, 134, 145, 208, 152, 94, 61, 81, 50, 44, 142, 170, 221, 254, 11, 118, 153, 218, 149, 174, 15, 90, 58, 72, 139, 101, 29, 141, 255, 183, 82, 120, 143, 252, 102, 159, 131, 199, 232, 154, 43, 125, 100, 253, 16, 84, 129, 8, 28, 74, 167, 39, 105, 194, 196, 18, 239, 192, 12, 55, 69, 26, 89, 40, 248, 151, 54, 98, 238, 95, 6, 108, 207, 148, 7, 246, 114, 68, 195, 216, 96, 213, 242, 146, 197, 173, 71, 222, 62, 172, 147, 180, 70, 86, 190, 127, 165, 144, 47, 163, 83, 49, 3, 24, 155, 30, 189, 185, 112, 36, 22, 193, 223, 214, 200, 5, 63, 187]
best:  [-32384, -32384, -32896, -32384, -32384, -32384, -32896, -32384]
Valid:  True
[168, 160, 254, 195, 229, 77, 107, 121, 17, 177, 235, 197, 134, 65, 228, 18, 35, 248, 241, 203, 189, 56, 174, 206, 249, 7, 53, 138, 83, 104, 29, 46, 36, 240, 91, 0, 3, 222, 75, 79, 123, 102, 55, 148, 51, 103, 42, 106, 81, 87, 156, 137, 141, 113, 182, 204, 114, 226, 205, 230, 181, 84, 15, 208, 212, 173, 64, 191, 82, 28, 190, 132, 209, 80, 233, 23, 176, 72, 24, 139, 166, 239, 76, 133, 151, 194, 12, 198, 110, 20, 127, 227, 220, 93, 69, 119, 180, 243, 21, 32, 120, 152, 126, 62, 96, 147, 216, 109, 89, 108, 90, 171, 61, 78, 11, 164, 186, 22, 149, 223, 192, 154, 6, 116, 9, 4, 188, 47, 128, 162, 33, 54, 135, 244, 13, 31, 178, 67, 145, 124, 57, 236, 92, 207, 202, 245, 10, 27, 155, 150, 14, 105, 231, 131, 224, 255, 199, 219, 200, 169, 183, 85, 217, 140, 38, 99, 143, 101, 50, 130, 52, 252, 196, 158, 234, 30, 1, 19, 37, 111, 125, 74, 70, 39, 167, 242, 146, 159, 97, 16, 175, 215, 187, 179, 232, 98, 142, 163, 43, 213, 5, 49, 157, 26, 25, 184, 161, 250, 225, 2, 112, 172, 94, 8, 218, 68, 211, 210, 44, 118, 251, 129, 221, 63, 238, 86, 117, 247, 34, 88, 237, 59, 122, 45, 165, 193, 144, 153, 185, 214, 41, 40, 66, 71, 48, 201, 253, 58, 73, 246, 60, 170, 115, 100, 136, 95]
best:  [-32384, -32384, -32896, -32384, -32384, -32384, -32896, -32384]
Valid:  True
[168, 160, 254, 195, 229, 77, 107, 121, 17, 177, 235, 197, 134, 65, 228, 18, 35, 248, 241, 203, 189, 56, 61, 188, 164, 33, 249, 62, 217, 173, 85, 99, 49, 149, 89, 208, 59, 76, 190, 223, 128, 55, 213, 136, 212, 179, 207, 124, 216, 244, 127, 103, 222, 140, 231, 43, 145, 152, 11, 47, 114, 162, 51, 119, 46, 54, 133, 154, 9, 135, 251, 13, 31, 178, 204, 67, 96, 243, 57, 236, 92, 138, 52, 176, 163, 181, 240, 232, 50, 130, 250, 64, 225, 19, 205, 2, 242, 112, 36, 234, 166, 72, 37, 93, 255, 97, 194, 38, 172, 75, 159, 182, 104, 191, 20, 10, 169, 220, 131, 116, 183, 139, 41, 129, 196, 78, 246, 221, 209, 108, 157, 165, 8, 87, 88, 125, 84, 58, 15, 0, 101, 252, 102, 21, 63, 28, 175, 230, 5, 167, 155, 174, 227, 200, 24, 147, 186, 29, 82, 53, 109, 95, 4, 60, 161, 187, 245, 148, 32, 137, 66, 158, 202, 27, 150, 25, 42, 198, 215, 156, 113, 233, 80, 122, 210, 34, 45, 1, 111, 106, 171, 219, 23, 211, 126, 201, 123, 206, 247, 132, 226, 94, 81, 44, 115, 142, 170, 118, 153, 218, 90, 91, 100, 48, 253, 40, 143, 180, 146, 70, 224, 151, 3, 12, 79, 239, 71, 68, 141, 192, 98, 69, 30, 193, 6, 238, 214, 199, 86, 22, 237, 16, 185, 120, 105, 14, 144, 74, 26, 184, 73, 117, 110, 83, 7, 39]
best:  [-32384, -32384, -32896, -32384, -32384, -32384, -32896, -32384]
Valid:  True
[168, 160, 254, 195, 229, 77, 107, 121, 17, 177, 235, 197, 134, 65, 228, 18, 35, 248, 241, 203, 189, 56, 174, 206, 249, 7, 53, 138, 83, 104, 29, 46, 36, 240, 91, 0, 3, 222, 75, 79, 123, 102, 55, 148, 51, 103, 42, 106, 81, 87, 156, 137, 141, 113, 182, 204, 114, 226, 205, 230, 181, 84, 15, 208, 212, 173, 64, 191, 82, 28, 190, 132, 209, 80, 233, 23, 176, 72, 24, 139, 166, 41, 96, 34, 63, 90, 152, 188, 95, 213, 30, 219, 232, 135, 128, 19, 57, 251, 101, 223, 16, 210, 61, 234, 239, 149, 199, 5, 9, 105, 184, 4, 145, 44, 146, 162, 236, 8, 238, 154, 60, 202, 69, 247, 143, 185, 253, 21, 227, 33, 167, 198, 74, 243, 54, 78, 153, 171, 244, 22, 220, 221, 97, 58, 201, 76, 116, 163, 115, 111, 98, 89, 71, 37, 85, 133, 164, 73, 39, 40, 62, 122, 187, 193, 192, 178, 112, 136, 131, 155, 13, 100, 231, 88, 158, 47, 151, 142, 215, 245, 109, 49, 140, 6, 180, 186, 194, 196, 144, 26, 94, 211, 170, 43, 1, 20, 120, 246, 50, 183, 252, 159, 45, 216, 86, 59, 126, 92, 157, 14, 172, 125, 25, 48, 117, 179, 150, 207, 108, 118, 255, 70, 214, 52, 2, 217, 169, 130, 67, 110, 175, 31, 237, 124, 10, 127, 224, 161, 129, 165, 68, 27, 11, 66, 225, 32, 200, 218, 99, 12, 242, 38, 119, 93, 147, 250]
best:  [-32384, -32384, -32384, -32896, -32384, -32384, -32384, -32896]
Valid:  True
[188, 248, 11, 47, 110, 31, 169, 203, 171, 41, 114, 26, 185, 96, 10, 99, 33, 39, 177, 112, 5, 240, 105, 7, 13, 86, 78, 46, 25, 75, 225, 214, 18, 211, 236, 134, 8, 28, 207, 130, 237, 121, 164, 58, 141, 70, 255, 181, 178, 91, 67, 217, 140, 38, 64, 212, 109, 143, 101, 50, 208, 56, 42, 182, 52, 252, 124, 196, 158, 234, 176, 197, 30, 35, 194, 1, 19, 87, 37, 111, 125, 147, 227, 74, 84, 23, 27, 85, 167, 82, 242, 173, 119, 127, 146, 159, 20, 97, 131, 16, 113, 29, 175, 215, 57, 14, 187, 103, 245, 79, 179, 183, 232, 123, 98, 142, 205, 149, 22, 163, 43, 213, 93, 49, 157, 199, 222, 53, 204, 106, 184, 161, 115, 253, 241, 172, 144, 4, 195, 191, 221, 219, 61, 62, 154, 254, 220, 192, 218, 226, 21, 153, 2, 190, 133, 174, 100, 166, 148, 0, 59, 12, 156, 223, 92, 135, 122, 233, 40, 104, 128, 139, 228, 151, 94, 65, 230, 209, 231, 6, 200, 189, 250, 44, 107, 66, 63, 45, 73, 89, 193, 71, 95, 165, 17, 68, 102, 90, 132, 206, 54, 216, 83, 202, 48, 162, 32, 235, 118, 77, 180, 116, 129, 55, 3, 108, 120, 210, 244, 243, 152, 88, 224, 137, 81, 198, 170, 150, 69, 60, 155, 229, 246, 51, 117, 247, 24, 76, 249, 168, 36, 239, 136, 201, 126, 145, 251, 80, 15, 138, 9, 186, 160, 34, 72, 238]
best:  [-32384, -32384, -32384, -32384, -32896, -32896, -32384, -32384]
Valid:  True
[188, 149, 11, 148, 248, 47, 134, 114, 128, 162, 51, 119, 46, 169, 141, 21, 253, 136, 230, 133, 210, 92, 76, 181, 34, 65, 112, 235, 237, 161, 7, 66, 208, 232, 238, 132, 217, 38, 63, 36, 172, 146, 95, 74, 170, 29, 240, 1, 59, 17, 83, 8, 174, 229, 33, 158, 168, 42, 64, 226, 164, 100, 197, 125, 111, 18, 13, 150, 124, 93, 97, 219, 12, 67, 151, 48, 44, 139, 86, 157, 20, 177, 53, 19, 207, 50, 22, 182, 27, 243, 57, 26, 218, 110, 206, 118, 10, 129, 6, 101, 71, 190, 4, 239, 127, 179, 204, 171, 194, 9, 165, 205, 15, 52, 198, 186, 223, 192, 154, 82, 116, 160, 32, 183, 78, 247, 89, 40, 115, 41, 96, 28, 90, 152, 213, 30, 254, 56, 249, 135, 87, 251, 16, 61, 234, 209, 199, 5, 105, 159, 224, 185, 142, 108, 94, 103, 130, 72, 102, 153, 220, 99, 117, 176, 121, 236, 227, 24, 3, 191, 167, 84, 222, 201, 143, 246, 233, 54, 77, 88, 68, 45, 145, 137, 184, 81, 221, 250, 180, 37, 79, 255, 252, 196, 202, 155, 126, 241, 91, 31, 25, 203, 211, 212, 43, 178, 144, 140, 242, 49, 39, 75, 120, 228, 98, 147, 175, 104, 215, 200, 14, 163, 109, 138, 0, 244, 2, 231, 113, 187, 122, 55, 225, 216, 123, 214, 107, 195, 156, 106, 131, 193, 60, 69, 189, 80, 85, 173, 23, 62, 73, 245, 58, 166, 35, 70]
best:  [-32384, -32384, -32384, -32896, -32384, -32384, -32896, -32384]
Valid:  True
[168, 160, 209, 9, 229, 77, 107, 121, 17, 177, 23, 115, 230, 178, 117, 48, 53, 99, 205, 164, 254, 235, 197, 134, 42, 228, 18, 35, 248, 198, 186, 181, 22, 149, 223, 110, 192, 154, 6, 82, 116, 4, 151, 32, 189, 88, 210, 143, 13, 215, 72, 92, 225, 144, 239, 159, 11, 47, 109, 232, 202, 236, 105, 65, 25, 127, 89, 40, 15, 161, 52, 31, 169, 182, 20, 10, 171, 131, 29, 113, 41, 208, 90, 220, 46, 243, 207, 188, 114, 199, 219, 64, 226, 148, 100, 125, 111, 141, 150, 124, 93, 97, 12, 67, 238, 44, 139, 86, 157, 174, 34, 19, 50, 27, 57, 26, 218, 158, 206, 118, 51, 129, 101, 217, 71, 190, 179, 204, 194, 165, 253, 175, 45, 152, 133, 196, 156, 102, 241, 172, 137, 167, 83, 173, 140, 28, 24, 75, 55, 163, 200, 251, 81, 234, 98, 39, 49, 195, 5, 247, 58, 166, 104, 33, 130, 120, 176, 36, 222, 61, 38, 203, 126, 106, 227, 112, 79, 252, 184, 66, 240, 62, 21, 136, 59, 7, 214, 183, 244, 145, 146, 138, 231, 108, 153, 2, 191, 233, 237, 69, 73, 74, 245, 91, 56, 155, 84, 180, 147, 87, 212, 242, 103, 0, 1, 54, 70, 95, 122, 246, 187, 8, 211, 78, 14, 250, 119, 63, 162, 3, 80, 96, 201, 128, 16, 213, 60, 30, 43, 85, 221, 170, 76, 123, 135, 94, 185, 68, 249, 216, 132, 224, 142, 193, 255, 37]
best:  [-32384, -32384, -32384, -32896, -32384, -32384, -32384, -32896]
Valid:  True
[188, 248, 11, 47, 110, 31, 169, 203, 171, 41, 114, 26, 185, 96, 10, 99, 33, 39, 177, 112, 5, 240, 105, 7, 13, 86, 78, 46, 25, 75, 225, 214, 18, 211, 236, 134, 8, 28, 207, 130, 237, 121, 164, 58, 141, 70, 255, 181, 109, 29, 124, 221, 213, 187, 6, 251, 219, 235, 3, 254, 12, 92, 118, 168, 160, 9, 229, 77, 107, 17, 23, 115, 230, 178, 117, 48, 53, 198, 186, 197, 22, 149, 223, 192, 21, 82, 116, 4, 151, 32, 189, 88, 42, 210, 143, 215, 72, 144, 239, 159, 232, 202, 65, 127, 89, 40, 15, 161, 52, 190, 247, 152, 183, 59, 57, 97, 162, 252, 84, 106, 62, 224, 35, 245, 98, 51, 216, 81, 113, 24, 38, 234, 233, 191, 83, 37, 142, 201, 1, 34, 156, 63, 20, 173, 16, 176, 119, 128, 73, 85, 132, 66, 172, 146, 167, 138, 93, 80, 158, 153, 91, 174, 179, 242, 196, 184, 71, 68, 243, 193, 133, 0, 182, 74, 244, 129, 54, 90, 137, 200, 14, 205, 250, 64, 139, 157, 136, 220, 120, 226, 155, 55, 100, 195, 50, 103, 212, 44, 104, 246, 125, 101, 206, 228, 241, 102, 27, 126, 180, 61, 122, 227, 175, 30, 60, 123, 165, 45, 218, 43, 145, 170, 166, 76, 238, 209, 94, 199, 148, 79, 217, 95, 154, 2, 253, 249, 150, 69, 108, 19, 111, 231, 56, 49, 222, 131, 208, 135, 194, 67, 163, 36, 87, 140, 204, 147]
best:  [-32384, -32384, -32384, -32896, -32384, -32384, -32896, -32384]
Valid:  True
[168, 160, 209, 9, 229, 77, 107, 121, 17, 177, 23, 115, 230, 178, 117, 48, 53, 99, 205, 164, 110, 204, 37, 225, 224, 76, 21, 196, 100, 24, 0, 93, 96, 243, 89, 156, 74, 248, 122, 44, 179, 140, 46, 59, 254, 137, 139, 92, 101, 148, 57, 116, 173, 249, 223, 134, 176, 135, 66, 235, 197, 65, 228, 194, 35, 144, 6, 31, 169, 203, 171, 41, 114, 26, 185, 10, 33, 14, 112, 5, 240, 105, 188, 7, 13, 86, 78, 25, 75, 214, 18, 211, 236, 8, 28, 207, 130, 237, 58, 141, 11, 70, 255, 181, 109, 29, 124, 221, 213, 187, 251, 219, 3, 12, 87, 94, 111, 27, 2, 147, 79, 245, 186, 91, 153, 231, 250, 138, 88, 226, 103, 199, 166, 189, 55, 62, 22, 193, 64, 133, 233, 151, 210, 118, 227, 159, 54, 149, 119, 162, 152, 180, 104, 97, 200, 102, 190, 165, 212, 80, 108, 82, 155, 39, 146, 239, 15, 143, 71, 67, 90, 85, 47, 253, 132, 123, 206, 19, 63, 120, 60, 242, 32, 56, 157, 246, 234, 40, 150, 142, 252, 195, 36, 163, 30, 1, 182, 45, 129, 172, 158, 113, 81, 202, 126, 49, 83, 38, 232, 192, 73, 69, 4, 170, 220, 217, 216, 16, 222, 136, 52, 95, 42, 61, 125, 167, 247, 244, 43, 127, 175, 72, 50, 98, 208, 161, 84, 218, 183, 106, 191, 238, 51, 145, 131, 68, 198, 34, 154, 241, 128, 201, 20, 184, 215, 174]
best:  [-32384, -32384, -32896, -32384, -32384, -32384, -32896, -32384]
Valid:  True
[168, 160, 254, 195, 229, 77, 107, 121, 17, 177, 235, 197, 134, 65, 228, 18, 35, 248, 241, 203, 189, 56, 174, 206, 249, 7, 53, 138, 83, 104, 29, 46, 36, 240, 91, 0, 93, 32, 237, 247, 128, 154, 9, 181, 68, 232, 251, 222, 147, 14, 116, 12, 11, 5, 218, 23, 130, 216, 155, 145, 24, 109, 99, 131, 185, 37, 230, 118, 217, 115, 75, 124, 127, 201, 192, 202, 173, 28, 89, 245, 87, 135, 234, 205, 88, 2, 51, 227, 169, 129, 114, 45, 148, 212, 72, 253, 42, 50, 64, 61, 76, 38, 225, 172, 34, 211, 108, 252, 213, 161, 167, 22, 69, 41, 208, 73, 10, 175, 250, 33, 153, 219, 8, 198, 224, 244, 119, 4, 215, 48, 182, 105, 100, 63, 166, 221, 81, 191, 143, 179, 20, 200, 103, 30, 186, 120, 236, 159, 117, 139, 66, 70, 180, 49, 164, 157, 156, 194, 176, 183, 15, 59, 78, 57, 40, 97, 162, 86, 84, 106, 62, 243, 193, 13, 44, 6, 47, 96, 223, 146, 1, 27, 52, 220, 25, 26, 122, 98, 226, 242, 199, 214, 238, 239, 184, 190, 3, 94, 39, 137, 19, 55, 82, 158, 102, 92, 136, 144, 255, 71, 196, 113, 140, 165, 74, 85, 79, 16, 101, 112, 163, 132, 207, 31, 171, 133, 150, 204, 178, 209, 188, 246, 21, 142, 110, 210, 80, 67, 149, 95, 126, 111, 60, 233, 125, 152, 151, 90, 170, 54, 43, 58, 231, 141, 123, 187]
best:  [-32384, -32384, -32896, -32384, -32384, -32384, -32896, -32384]
Valid:  True
[168, 160, 254, 195, 229, 77, 107, 121, 17, 177, 235, 197, 134, 65, 228, 18, 35, 248, 241, 25, 189, 56, 174, 206, 163, 88, 240, 232, 50, 110, 31, 169, 171, 41, 9, 57, 252, 79, 173, 223, 39, 43, 24, 10, 118, 216, 16, 113, 99, 70, 101, 133, 215, 159, 234, 63, 138, 203, 97, 53, 200, 20, 2, 66, 226, 30, 26, 80, 123, 0, 139, 55, 62, 251, 147, 74, 32, 247, 170, 76, 112, 4, 157, 90, 201, 255, 179, 52, 152, 128, 212, 19, 69, 219, 3, 135, 92, 249, 12, 192, 82, 190, 230, 45, 73, 202, 142, 71, 231, 205, 131, 72, 94, 209, 204, 29, 184, 64, 46, 28, 141, 61, 164, 21, 194, 75, 144, 161, 233, 227, 175, 120, 100, 124, 36, 155, 140, 243, 145, 22, 151, 33, 81, 165, 95, 237, 7, 85, 91, 149, 117, 48, 242, 183, 125, 198, 196, 207, 143, 103, 186, 181, 154, 6, 116, 188, 11, 47, 114, 162, 51, 119, 54, 244, 13, 178, 67, 96, 236, 245, 27, 150, 127, 14, 105, 126, 208, 23, 224, 176, 199, 191, 220, 89, 15, 166, 217, 38, 109, 42, 130, 182, 158, 1, 87, 37, 111, 84, 167, 146, 187, 98, 213, 5, 93, 49, 222, 106, 250, 225, 172, 104, 180, 8, 137, 218, 68, 211, 210, 44, 83, 129, 221, 238, 86, 34, 59, 122, 148, 136, 193, 102, 153, 185, 214, 78, 156, 40, 253, 58, 239, 246, 60, 132, 115, 108]
best:  [-32384, -32384, -32896, -32384, -32384, -32384, -32896, -32384]
Valid:  True
[168, 160, 254, 195, 229, 77, 107, 121, 17, 177, 235, 197, 134, 65, 228, 18, 35, 248, 241, 203, 189, 56, 174, 206, 249, 7, 53, 138, 83, 104, 29, 46, 36, 240, 91, 0, 93, 32, 237, 247, 128, 154, 9, 181, 68, 232, 251, 222, 147, 14, 116, 12, 11, 5, 218, 23, 130, 216, 155, 145, 24, 109, 99, 131, 185, 47, 194, 163, 88, 50, 193, 82, 85, 16, 198, 123, 183, 72, 148, 102, 33, 26, 22, 178, 71, 190, 73, 97, 25, 79, 136, 112, 1, 3, 58, 103, 207, 106, 188, 52, 78, 92, 182, 141, 114, 231, 86, 149, 31, 110, 239, 42, 211, 15, 67, 169, 171, 41, 96, 10, 39, 13, 105, 75, 225, 214, 236, 8, 28, 164, 70, 255, 124, 221, 213, 187, 6, 219, 118, 87, 94, 111, 27, 74, 209, 191, 51, 201, 60, 166, 192, 172, 81, 157, 2, 90, 245, 167, 129, 38, 57, 162, 119, 66, 30, 173, 180, 224, 143, 21, 226, 220, 101, 151, 98, 61, 84, 20, 223, 184, 122, 243, 161, 140, 252, 43, 242, 37, 120, 59, 34, 139, 176, 234, 253, 165, 205, 55, 153, 230, 133, 200, 117, 152, 115, 125, 62, 45, 132, 146, 69, 159, 186, 202, 137, 126, 63, 204, 64, 95, 135, 19, 210, 199, 4, 113, 208, 244, 196, 227, 108, 40, 127, 144, 175, 156, 217, 76, 212, 246, 49, 100, 233, 48, 142, 80, 250, 238, 89, 179, 170, 158, 150, 215, 44, 54]
best:  [-32384, -32384, -32896, -32384, -32384, -32384, -32896, -32384]
Valid:  True
[168, 160, 254, 195, 229, 77, 107, 121, 17, 177, 235, 197, 134, 65, 228, 18, 35, 248, 241, 203, 189, 56, 174, 206, 249, 7, 53, 138, 83, 104, 29, 46, 36, 240, 91, 0, 93, 32, 237, 247, 128, 154, 9, 181, 68, 232, 251, 222, 147, 14, 116, 12, 11, 5, 218, 23, 130, 216, 155, 145, 24, 109, 99, 131, 185, 37, 230, 118, 217, 115, 75, 124, 127, 201, 192, 202, 102, 28, 89, 245, 87, 135, 234, 205, 88, 2, 51, 227, 169, 129, 114, 45, 148, 212, 72, 253, 42, 50, 64, 61, 76, 38, 225, 172, 34, 211, 108, 252, 213, 161, 167, 22, 111, 165, 16, 33, 20, 196, 244, 178, 4, 120, 21, 143, 13, 226, 80, 1, 208, 149, 150, 209, 117, 49, 137, 191, 81, 43, 103, 159, 182, 48, 74, 101, 239, 194, 55, 105, 133, 125, 164, 6, 171, 15, 27, 96, 231, 10, 112, 243, 162, 62, 219, 97, 41, 70, 184, 119, 63, 140, 236, 170, 142, 166, 141, 126, 136, 78, 94, 110, 44, 179, 156, 250, 153, 3, 210, 40, 30, 220, 122, 198, 214, 186, 255, 188, 176, 31, 54, 175, 238, 132, 242, 100, 82, 67, 106, 190, 39, 79, 123, 151, 207, 60, 152, 224, 187, 8, 157, 73, 98, 57, 113, 233, 173, 69, 200, 95, 221, 144, 71, 158, 25, 58, 52, 146, 193, 215, 199, 85, 84, 59, 163, 86, 90, 66, 47, 19, 139, 183, 246, 92, 204, 180, 223, 26]