Type: 6x4

Mapping: [10, 4, 2, 3, 10, 15, 12, 6, 6, 9, 11, 5, 1, 11, 0, 1, 9, 12, 8, 14, 14, 15, 8, 11, 2, 10, 1, 6, 12, 13, 8, 2, 0, 3, 11, 0, 9, 7, 10, 7, 12, 1, 3, 3, 13, 4, 7, 9, 7, 14, 5, 14, 15, 2, 8, 13, 4, 4, 13, 15, 5, 0, 6, 5]

Balanceness: [32, 32, 32, 32]

Non-linearity: [22, 24, 24, 24]

LAT Table:
  64,  32,  32,  32,  32,  32,  32,  32,  32,  32,  32,  32,  32,  32,  32,  32,
  32,  36,  36,  32,  36,  36,  32,  32,  28,  28,  28,  28,  28,  32,  36,  32,
  32,  34,  34,  32,  28,  30,  30,  20,  30,  36,  36,  38,  34,  32,  32,  34,
  32,  30,  30,  24,  28,  30,  34,  32,  34,  32,  32,  34,  34,  36,  32,  38,
  32,  34,  30,  32,  34,  24,  28,  34,  36,  30,  34,  36,  34,  32,  28,  34,
  32,  26,  30,  32,  34,  36,  28,  30,  36,  42,  30,  28,  30,  36,  36,  26,
  32,  40,  36,  32,  34,  30,  34,  26,  34,  30,  26,  34,  24,  32,  36,  32,
  32,  40,  28,  40,  30,  38,  38,  34,  34,  34,  30,  34,  32,  32,  32,  36,
  32,  36,  24,  36,  32,  36,  36,  32,  24,  28,  32,  36,  32,  36,  28,  32,
  32,  32,  36,  28,  40,  36,  32,  28,  28,  32,  36,  32,  24,  32,  28,  36,
  32,  26,  26,  32,  32,  34,  38,  28,  34,  32,  32,  34,  34,  32,  28,  38,
  32,  30,  30,  32,  36,  30,  38,  36,  30,  36,  36,  46,  30,  32,  40,  30,
  32,  34,  38,  32,  34,  32,  32,  38,  36,  30,  34,  36,  34,  40,  32,  30,
  32,  26,  30,  32,  30,  40,  36,  30,  36,  34,  30,  28,  26,  32,  36,  34,
  32,  28,  36,  36,  30,  30,  26,  38,  30,  30,  30,  34,  32,  28,  40,  32,
  32,  28,  36,  28,  38,  34,  34,  26,  30,  26,  34,  34,  36,  32,  32,  32,
  32,  26,  30,  36,  40,  26,  30,  28,  38,  32,  32,  38,  30,  32,  40,  38,
  32,  38,  26,  28,  32,  34,  26,  32,  26,  36,  36,  34,  38,  36,  40,  34,
  32,  32,  36,  28,  32,  32,  36,  36,  28,  32,  32,  28,  28,  24,  32,  28,
  32,  36,  40,  28,  36,  36,  36,  36,  32,  28,  28,  32,  32,  24,  36,  36,
  32,  32,  32,  36,  38,  34,  26,  42,  34,  34,  30,  26,  36,  32,  28,  36,
  32,  40,  24,  36,  26,  26,  38,  34,  26,  30,  34,  26,  28,  32,  32,  32,
  32,  34,  34,  28,  26,  32,  40,  30,  32,  30,  34,  32,  38,  32,  36,  38,
  32,  34,  34,  36,  26,  36,  24,  34,  32,  26,  38,  32,  34,  36,  36,  38,
  32,  38,  30,  32,  32,  38,  26,  28,  38,  36,  32,  34,  30,  28,  36,  38,
  32,  34,  34,  24,  36,  26,  26,  28,  26,  32,  36,  30,  34,  36,  32,  30,
  32,  32,  36,  36,  36,  36,  28,  36,  32,  28,  36,  40,  28,  32,  28,  32,
  32,  36,  32,  36,  36,  36,  32,  32,  36,  32,  32,  28,  28,  36,  28,  36,
  32,  32,  32,  36,  38,  34,  30,  30,  34,  42,  38,  34,  36,  24,  32,  24,
  32,  32,  32,  28,  30,  38,  38,  34,  34,  30,  34,  34,  40,  36,  32,  24,
  32,  38,  26,  32,  30,  32,  24,  34,  36,  30,  38,  32,  30,  28,  24,  30,
  32,  30,  34,  32,  34,  32,  36,  34,  28,  34,  34,  32,  38,  28,  36,  34,
  32,  38,  30,  28,  38,  28,  32,  30,  26,  32,  32,  22,  32,  30,  34,  32,
  32,  38,  34,  32,  38,  32,  36,  30,  34,  28,  32,  34,  36,  34,  30,  28,
  32,  28,  28,  28,  30,  34,  30,  30,  24,  32,  32,  36,  30,  30,  34,  38,
  32,  36,  24,  24,  34,  26,  30,  34,  40,  28,  32,  32,  30,  30,  34,  30,
  32,  32,  32,  24,  32,  36,  32,  28,  34,  34,  26,  34,  22,  34,  30,  34,
  32,  28,  24,  28,  36,  32,  36,  32,  30,  38,  34,  26,  34,  26,  30,  30,
  32,  34,  34,  32,  36,  34,  30,  32,  32,  38,  30,  32,  32,  34,  30,  36,
  32,  22,  34,  28,  28,  34,  30,  40,  28,  34,  30,  32,  32,  30,  26,  36,
  32,  34,  34,  36,  26,  28,  28,  30,  30,  32,  32,  34,  32,  26,  26,  36,
  32,  34,  30,  24,  30,  36,  28,  34,  30,  28,  24,  38,  32,  34,  34,  28,
  32,  36,  40,  32,  30,  34,  30,  30,  32,  32,  44,  32,  30,  30,  34,  30,
  32,  28,  28,  28,  38,  30,  26,  38,  24,  28,  36,  36,  26,  34,  30,  34,
  32,  32,  36,  36,  36,  32,  28,  24,  30,  30,  26,  34,  38,  26,  30,  26,
  32,  36,  36,  32,  36,  32,  36,  32,  26,  34,  34,  34,  30,  30,  26,  42,
  32,  30,  38,  32,  28,  22,  30,  28,  32,  34,  34,  24,  24,  38,  38,  32,
  32,  26,  30,  36,  32,  26,  34,  24,  28,  30,  34,  32,  36,  30,  30,  36,
  32,  32,  32,  28,  26,  34,  30,  34,  36,  36,  40,  28,  30,  30,  30,  34,
  32,  32,  28,  32,  30,  34,  30,  30,  36,  32,  32,  32,  30,  30,  38,  34,
  32,  34,  26,  36,  38,  32,  36,  30,  34,  32,  36,  34,  24,  30,  30,  28,
  32,  26,  30,  32,  30,  36,  32,  30,  34,  20,  36,  30,  28,  18,  34,  32,
  32,  30,  30,  32,  24,  34,  30,  28,  28,  34,  30,  40,  24,  34,  26,  24,
  32,  34,  30,  28,  32,  34,  30,  36,  32,  30,  30,  32,  32,  30,  38,  32,
  32,  36,  36,  32,  24,  24,  36,  36,  34,  34,  30,  38,  30,  26,  34,  30,
  32,  32,  28,  36,  36,  28,  32,  32,  30,  30,  30,  30,  34,  34,  34,  34,
  32,  36,  28,  28,  30,  34,  26,  26,  32,  28,  24,  32,  38,  26,  30,  30,
  32,  28,  32,  40,  30,  38,  30,  26,  32,  24,  32,  28,  34,  38,  34,  34,
  32,  34,  30,  32,  30,  40,  28,  30,  26,  32,  40,  30,  32,  30,  38,  28,
  32,  34,  26,  36,  34,  32,  28,  34,  26,  36,  24,  34,  32,  30,  38,  36,
  32,  30,  26,  28,  36,  30,  34,  32,  40,  22,  38,  32,  32,  34,  34,  32,
  32,  34,  34,  24,  32,  34,  30,  28,  36,  34,  30,  32,  36,  34,  26,  36,
  32,  32,  32,  32,  32,  36,  36,  32,  26,  30,  34,  30,  30,  38,  34,  26,
  32,  28,  32,  36,  32,  28,  28,  32,  30,  26,  26,  30,  30,  34,  30,  26,

Maximum: 46
Minimum: 18
Bias: 0.21875

DAT Table:
  64,   0,   0,   0,   0,   0,   0,   0,   0,   0,   0,   0,   0,   0,   0,   0,
   4,   8,   2,   6,   0,   8,   2,   2,   2,   4,   6,   4,   0,   6,   8,   2,
   4,   4,   6,   8,   4,   2,   4,   4,   2,   4,   4,   4,   4,   4,   0,   6,
   6,   0,   6,   6,   6,   4,   4,   4,   2,   6,   2,   8,   2,   2,   4,   2,
   4,   6,   2,   4,  10,   6,   0,   8,   2,   4,   4,   6,   2,   2,   4,   0,
   0,   4,   2,   4,   6,   6,   8,   2,   8,   2,   8,   0,   4,   2,   4,   4,
   0,   6,   6,   2,   2,   0,   6,   6,  10,   0,   8,   4,   4,   2,   4,   4,
   6,   4,   6,   0,   4,   2,   4,  10,   2,   8,   6,   0,   6,   4,   2,   0,
   2,   2,   8,   6,   4,   0,   4,   2,   8,   6,   4,   4,   6,   4,   4,   0,
   2,   4,   2,  18,   0,   0,   2,   4,   4,   0,   8,   2,   0,   6,   6,   6,
   2,  10,   0,   4,   6,   0,   4,   6,   2,   2,  12,   0,   0,  10,   6,   0,
   6,   2,   2,   4,   2,   4,   0,   8,   6,   0,   8,   4,   6,   2,   2,   8,
   2,   2,   8,   4,   2,   8,   6,   4,   0,   6,   0,   6,   8,   4,   2,   2,
   6,   2,   2,   6,   8,   2,   4,   6,   4,   6,   4,   6,   0,   4,   4,   0,
   2,   8,   2,   4,   6,   2,   6,   2,   2,   4,  12,   2,   2,   2,   4,   4,
   4,   0,   8,   0,  10,   6,   0,   0,   4,   8,   2,  10,   2,   2,   2,   6,
   2,   2,   2,   8,   8,   4,   4,   2,   8,   0,   6,   0,   4,   8,   6,   0,
   0,   4,   4,   0,   4,   8,   2,   6,   4,   2,   0,   6,   8,   6,   6,   4,
   0,   6,   8,   0,   2,   6,   0,   6,   0,  10,   4,   4,   6,   2,   4,   6,
   2,   4,   2,   8,   4,   2,   2,  12,  10,   0,   2,   0,   6,   4,   4,   2,
   2,   8,   0,  10,   6,   2,   4,   4,   4,   8,   6,   2,   0,   2,   2,   4,
   6,   0,   6,   0,   6,   6,  10,   2,   4,   8,   2,   6,   4,   2,   2,   0,
   4,   2,   8,   4,   4,   2,   2,   2,   4,   4,   4,   6,   6,   6,   4,   2,
   4,   4,   4,   6,   6,   0,   4,   8,   0,   8,   4,   2,   2,   8,   0,   4,
   0,   0,   6,   4,  10,   4,   8,   4,   4,   0,   2,   4,   4,   2,   2,  10,
   4,   4,   6,   2,   6,   4,   6,   4,   0,   4,   4,   4,   0,   6,   6,   4,
   6,   0,   8,   0,   4,   2,   0,   4,   2,  10,   0,   6,   2,   6,   6,   8,
   2,   8,   4,   2,   6,   4,   2,   4,   6,   0,   6,   0,   8,   2,   2,   8,
   2,   2,   2,  10,   0,   6,   4,   6,  10,   2,   6,   2,   0,   6,   4,   2,
   8,   0,   2,   6,   0,   2,   4,   6,   2,   6,   4,   4,   2,   8,  10,   0,
   4,   2,   4,   2,   4,   4,   6,   2,   4,   6,   4,   2,   6,   2,  12,   0,
   0,   8,   0,   6,   4,   6,   4,   0,   4,   4,   2,   4,   8,   2,   6,   6,
   4,   4,   2,   4,   0,   0,   8,   6,   8,   6,   4,   0,   4,   6,   6,   2,
   2,   0,   2,   2,   4,   6,  12,   4,   6,   4,   0,   8,   6,   4,   4,   0,
   6,   4,  12,   0,   4,  10,   4,   4,   4,   2,   4,   0,   2,   4,   0,   4,
   0,   2,   2,   4,   4,   6,   2,   8,   4,   8,   8,   4,   4,   4,   0,   4,
   2,   2,   2,  10,   2,   4,   4,   6,   4,   4,   6,   2,   6,   8,   2,   0,
   6,   0,  10,   4,   4,   4,   4,   4,   4,   6,   0,   2,   2,   6,   2,   6,
   6,  14,   4,   2,   6,   4,   6,   2,   2,   0,   0,   4,   8,   0,   0,   6,
   4,   6,   2,   4,   6,   2,   6,   2,   4,   0,   8,   0,   6,   4,   4,   6,
   6,   4,   0,   2,   4,   8,   6,   2,   6,   0,   4,   6,   2,   2,   4,   8,
   2,   4,   6,   4,   0,   6,   2,   4,   4,   2,   4,   6,   2,   8,   8,   2,
   4,   2,   4,   2,   6,   0,   8,   6,   4,   6,   4,   6,   4,   6,   2,   0,
   0,   8,   2,   4,   0,   4,   6,   4,  10,   4,   4,   4,   4,   2,   2,   6,
   2,   6,   2,   2,   2,   6,   2,   2,   4,   2,   4,  10,   6,   4,   6,   4,
   6,   2,   4,   2,   2,   4,   4,   4,   2,   6,   6,   8,   4,   2,   4,   4,
   6,   0,   6,   4,   2,   0,   0,   6,   0,   6,   4,   2,   8,   6,   6,   8,
   2,   8,   6,  10,   0,   2,   4,   0,   4,   4,   4,   2,  10,   2,   2,   4,
   0,   2,   6,   2,   6,   4,   4,   4,   2,   4,   4,   8,   2,   8,   4,   4,
   4,   8,   4,   4,   4,   8,   6,   2,   8,   2,   2,   0,   4,   2,   4,   2,
   0,   8,   6,   2,   6,   6,   4,   4,   4,   2,   2,   4,   4,   6,   2,   4,
   4,   6,   2,   0,  10,   4,   0,   6,   0,  10,   4,   2,   4,   2,   4,   6,
   6,   4,   2,   4,   0,   4,   4,   0,   2,   6,   2,   6,   4,   6,   8,   6,
   2,   6,   2,   4,   4,   4,   4,   2,   8,   0,   0,   6,   4,   4,   4,  10,
   2,   6,   4,   6,   6,   8,   0,   0,   6,   4,   0,   4,   6,   2,   4,   6,
   4,   2,   2,   2,   6,   4,   4,   4,   0,   2,   2,  10,   4,   2,  10,   6,
   2,   2,   6,   4,   0,   6,   2,   2,   2,   4,   6,   6,   4,   4,   6,   8,
   8,   6,   2,   2,   4,   2,   0,   0,   6,   4,   8,   4,   2,   8,   6,   2,
   0,   4,   0,   4,   2,   6,  10,   6,   0,   8,   8,   4,   4,   0,   0,   8,
   0,   2,  10,   4,   0,   4,   6,   6,   4,   6,   2,   4,   8,   0,   2,   6,
   0,   4,   4,   4,   6,   4,   4,   2,   6,   4,   0,  10,   2,   2,   6,   6,
   0,   6,   0,   6,   4,   4,   6,   2,   4,   4,   2,   6,   4,   6,   4,   6,
   2,   6,   2,   2,   8,   6,   0,  10,   8,   0,   4,   0,   4,   6,   4,   2,
   4,   2,  10,   2,   0,   4,   8,   2,   2,   4,   2,   6,   6,   2,   4,   6,

Maximum: 18
Minimum: 0