Type: 6x4

Mapping: [3, 3, 4, 0, 6, 12, 15, 9, 12, 0, 7, 2, 9, 11, 0, 2, 4, 8, 14, 12, 11, 6, 14, 5, 9, 5, 8, 1, 0, 1, 5, 4, 9, 2, 1, 10, 10, 7, 6, 2, 11, 3, 4, 3, 5, 6, 10, 13, 7, 1, 13, 12, 15, 8, 13, 11, 15, 14, 14, 13, 8, 10, 7, 15]

Balanceness: [32, 32, 32, 32]

Non-linearity: [20, 24, 24, 24]

LAT Table:
  64,  32,  32,  32,  32,  32,  32,  32,  32,  32,  32,  32,  32,  32,  32,  32,
  32,  30,  32,  34,  26,  32,  38,  32,  28,  34,  36,  38,  26,  32,  30,  32,
  32,  30,  30,  36,  38,  28,  36,  34,  32,  30,  30,  28,  26,  32,  32,  38,
  32,  28,  34,  34,  36,  32,  26,  26,  28,  40,  30,  30,  32,  36,  30,  38,
  32,  32,  36,  36,  34,  26,  30,  30,  34,  26,  30,  38,  40,  32,  28,  28,
  32,  30,  32,  34,  28,  26,  32,  26,  30,  36,  30,  32,  26,  32,  30,  24,
  32,  26,  30,  32,  32,  34,  30,  32,  34,  36,  32,  34,  34,  36,  24,  34,
  32,  32,  30,  34,  30,  30,  32,  28,  30,  30,  28,  32,  32,  32,  42,  38,
  32,  34,  30,  32,  30,  28,  32,  30,  30,  32,  28,  30,  32,  30,  34,  32,
  32,  28,  26,  26,  28,  28,  30,  34,  34,  38,  36,  36,  38,  22,  32,  28,
  32,  32,  28,  36,  32,  36,  32,  28,  38,  30,  26,  34,  30,  26,  30,  26,
  32,  34,  28,  34,  34,  32,  30,  32,  34,  28,  38,  36,  24,  38,  36,  38,
  32,  34,  38,  32,  36,  34,  30,  28,  36,  30,  34,  36,  32,  30,  34,  32,
  32,  28,  38,  30,  34,  34,  32,  36,  40,  28,  30,  38,  30,  38,  28,  32,
  32,  28,  32,  28,  38,  30,  34,  34,  36,  32,  28,  32,  30,  30,  26,  26,
  32,  38,  36,  38,  24,  34,  36,  34,  32,  30,  28,  38,  32,  34,  28,  34,
  32,  34,  26,  32,  40,  30,  26,  28,  40,  38,  26,  36,  32,  34,  34,  40,
  32,  32,  38,  30,  30,  26,  32,  28,  32,  28,  38,  26,  26,  26,  36,  36,
  32,  28,  32,  32,  26,  26,  26,  38,  28,  28,  28,  32,  34,  38,  34,  34,
  32,  34,  32,  18,  36,  34,  32,  38,  28,  26,  28,  34,  32,  34,  28,  30,
  32,  30,  30,  40,  38,  32,  28,  34,  38,  32,  36,  34,  32,  30,  30,  32,
  32,  28,  38,  34,  28,  28,  30,  30,  30,  30,  28,  28,  34,  38,  36,  24,
  32,  36,  32,  32,  40,  32,  32,  36,  26,  34,  26,  30,  42,  30,  34,  34,
  32,  34,  28,  38,  34,  32,  34,  40,  26,  32,  38,  28,  32,  34,  32,  34,
  32,  32,  32,  28,  34,  34,  38,  26,  34,  30,  34,  34,  32,  28,  28,  36,
  32,  34,  32,  34,  36,  30,  36,  38,  34,  32,  26,  24,  30,  28,  30,  36,
  32,  34,  30,  28,  32,  34,  26,  32,  30,  28,  28,  38,  38,  36,  32,  34,
  32,  36,  34,  30,  38,  34,  40,  36,  30,  38,  32,  40,  32,  24,  34,  34,
  32,  28,  32,  24,  36,  32,  32,  40,  28,  36,  36,  32,  32,  32,  28,  32,
  32,  30,  36,  34,  38,  28,  34,  24,  28,  30,  32,  34,  38,  32,  26,  36,
  32,  26,  26,  32,  26,  28,  32,  30,  32,  38,  26,  28,  30,  36,  20,  38,
  32,  20,  34,  30,  32,  36,  34,  30,  32,  32,  34,  34,  32,  32,  34,  34,
  32,  36,  40,  36,  34,  26,  34,  34,  38,  34,  34,  30,  32,  40,  28,  36,
  32,  34,  28,  34,  32,  30,  32,  34,  30,  32,  30,  36,  34,  32,  30,  32,
  32,  30,  34,  32,  32,  26,  26,  36,  30,  36,  28,  34,  34,  28,  40,  34,
  32,  36,  34,  26,  34,  26,  32,  28,  38,  34,  28,  36,  32,  32,  34,  30,
  32,  36,  32,  36,  32,  40,  32,  32,  32,  28,  28,  32,  28,  28,  32,  32,
  32,  34,  32,  30,  30,  28,  26,  28,  32,  26,  28,  34,  30,  28,  30,  32,
  32,  34,  38,  32,  30,  36,  28,  34,  32,  26,  34,  36,  30,  28,  24,  38,
  32,  32,  34,  30,  32,  28,  30,  30,  32,  32,  38,  26,  44,  32,  30,  30,
  32,  34,  26,  36,  24,  26,  30,  40,  28,  30,  34,  36,  32,  26,  26,  36,
  32,  36,  26,  34,  34,  30,  28,  28,  36,  32,  42,  26,  30,  34,  28,  20,
  32,  36,  28,  32,  34,  30,  26,  38,  36,  32,  28,  24,  30,  26,  34,  30,
  32,  22,  40,  34,  32,  38,  32,  42,  36,  34,  32,  26,  32,  30,  36,  30,
  32,  34,  30,  40,  34,  28,  28,  38,  34,  36,  36,  38,  36,  30,  26,  28,
  32,  36,  34,  26,  28,  32,  30,  30,  34,  38,  40,  32,  34,  30,  32,  40,
  32,  24,  28,  36,  36,  36,  36,  28,  26,  26,  34,  34,  34,  26,  30,  30,
  32,  34,  28,  34,  34,  36,  30,  28,  34,  36,  34,  32,  36,  30,  36,  34,
  32,  30,  30,  40,  30,  36,  36,  30,  26,  36,  28,  34,  40,  34,  34,  32,
  32,  28,  30,  34,  24,  36,  34,  30,  38,  30,  24,  32,  34,  26,  32,  32,
  32,  36,  32,  32,  32,  28,  32,  32,  30,  22,  34,  30,  34,  26,  30,  34,
  32,  34,  28,  30,  30,  32,  38,  32,  34,  32,  26,  24,  32,  30,  28,  34,
  32,  34,  30,  28,  24,  34,  30,  36,  40,  30,  34,  36,  36,  34,  38,  32,
  32,  32,  26,  34,  34,  34,  24,  32,  28,  24,  34,  30,  30,  34,  32,  36,
  32,  28,  28,  36,  34,  30,  38,  30,  36,  28,  36,  32,  38,  30,  38,  34,
  32,  34,  36,  38,  32,  42,  24,  34,  32,  30,  32,  30,  36,  34,  32,  30,
  32,  24,  40,  36,  32,  28,  28,  36,  36,  32,  32,  32,  32,  24,  32,  36,
  32,  34,  28,  30,  30,  44,  26,  32,  32,  38,  32,  30,  30,  32,  30,  32,
  32,  30,  26,  28,  30,  32,  36,  34,  40,  26,  30,  28,  38,  36,  32,  34,
  32,  32,  26,  34,  32,  28,  42,  38,  36,  32,  34,  38,  32,  40,  38,  30,
  32,  28,  28,  36,  38,  30,  30,  34,  38,  30,  30,  34,  28,  32,  32,  32,
  32,  38,  36,  34,  36,  30,  32,  34,  26,  36,  26,  36,  26,  32,  34,  24,
  32,  22,  26,  28,  36,  30,  26,  32,  26,  28,  32,  38,  26,  32,  36,  30,
  32,  32,  30,  30,  38,  34,  36,  32,  30,  26,  32,  28,  36,  36,  30,  30,

Maximum: 44
Minimum: 18
Bias: 0.21875

DAT Table:
  64,   0,   0,   0,   0,   0,   0,   0,   0,   0,   0,   0,   0,   0,   0,   0,
   2,   8,   8,   4,   4,   2,   6,   6,   4,   2,   2,   6,   6,   4,   0,   0,
   2,   4,   4,   8,   4,  12,   0,   2,   4,   6,   4,   4,   2,   2,   0,   6,
   2,   2,   2,   8,   6,   2,   2,   8,  12,   0,   0,   6,   4,   4,   4,   2,
   6,   0,   2,   2,   4,  10,   0,   8,   4,  10,   0,   4,   0,   2,   8,   4,
   0,   4,   6,   4,   2,   8,   6,   2,   4,   6,   2,   2,   4,   4,   4,   6,
   4,   8,   6,   0,   2,   4,   2,   2,   4,   2,  10,   2,   8,   4,   4,   2,
   8,   4,   2,   2,   4,   4,  10,   2,   4,   6,   2,   4,   8,   2,   2,   0,
   0,   8,   6,   6,   2,   2,   2,   6,   2,   2,   2,   6,   2,   6,   0,  12,
   6,   4,   8,   2,   2,   4,   4,   2,   2,   6,   6,   2,   4,   4,   4,   4,
   4,   6,   8,   2,   6,   2,   4,   4,   4,   8,   4,   0,   4,   2,   6,   0,
   8,   4,   2,   8,   8,   6,   2,   6,   0,   0,   4,   2,   4,   2,   0,   8,
   2,   4,   6,   6,  10,   0,   6,   2,   6,   2,   6,   8,   4,   0,   0,   2,
   8,   2,   2,   0,   0,   6,   6,   4,   4,   6,   4,   2,   4,   6,   4,   6,
   4,  10,   2,   8,   4,   6,   2,   4,   0,   2,   0,   2,   4,   6,   8,   2,
   2,   2,   2,   6,   8,   4,   4,   4,   4,   6,   2,   4,   4,   2,   2,   8,
   0,   2,   2,   4,   2,   8,   4,   2,   0,   4,   8,   4,   8,   8,   4,   4,
   2,   0,   2,   0,   2,   6,   2,  10,   8,   6,   6,   4,   2,   6,   4,   4,
   4,   2,   4,   2,   6,   2,   2,   6,   4,   6,   2,   4,   4,   4,   6,   6,
   4,   6,   8,   2,   2,   4,   2,   0,   2,   2,   6,   2,   4,  12,   4,   4,
   4,   6,   4,   6,   4,   6,   6,   0,   6,   2,   6,   2,   6,   2,   4,   0,
   4,   8,   2,   6,   2,   2,   0,   8,   4,   2,   6,   8,   2,   4,   4,   2,
   2,   6,   2,   6,   4,   2,   4,   6,   2,   8,   2,   8,   6,   2,   2,   2,
   0,   0,  10,   2,   6,   8,   6,   4,   8,   2,   4,   6,   0,   4,   2,   2,
   0,   4,   6,   0,   0,   0,   8,   6,   4,   4,   6,   0,   6,  10,   6,   4,
   6,   2,   0,   0,   8,   6,   2,   4,   4,   4,   4,   4,  10,   4,   2,   4,
   0,   0,   6,   6,   4,   6,   2,   4,  10,   0,   2,   4,   2,   6,   6,   6,
   4,   2,   8,   0,   4,   8,   4,   2,   0,   8,   2,   4,   6,   0,   8,   4,
   0,   6,   4,   4,   4,   4,   4,  10,   8,   8,   0,   2,   0,   2,   4,   4,
   4,   6,   4,   8,   4,   4,   2,   0,   2,   0,   4,   4,  10,   2,   6,   4,
   2,   2,   2,   0,   8,   2,   6,   6,   4,   4,   6,   4,   8,   6,   4,   0,
   6,   2,   2,   0,   2,   8,   6,   6,   4,   8,   4,   6,   4,   2,   4,   0,
   2,   4,   2,  10,   2,   2,   4,   2,   2,   4,   6,  10,   6,   2,   4,   2,
   0,   8,   2,   4,   2,   6,   4,   2,   4,   4,   8,   2,   0,   4,   4,  10,
   2,   4,   4,   4,   4,   4,   4,   6,   4,   6,   0,   0,   2,  10,   8,   2,
   2,   2,   2,   2,  10,   2,  10,   2,   4,   6,   4,   6,   2,   0,   2,   8,
   2,   4,   6,   6,   4,   0,   2,   4,   2,   8,   0,   4,   2,   2,   6,  12,
   2,   4,   2,   4,   4,   8,   8,   4,   8,   2,  10,   0,   2,   2,   4,   0,
   2,   6,   2,   2,   6,   2,   8,   4,   2,   4,   8,   6,   2,   4,   6,   0,
   2,   6,   6,   6,   0,   4,   4,   4,   0,   4,   6,   6,   2,   6,   0,   8,
   8,   2,   2,   8,   4,   6,   6,   0,   6,   4,   4,   2,   4,   2,   2,   4,
   4,   6,  10,   6,   6,   0,   0,   4,   6,   6,   2,   0,   2,   2,  10,   0,
   6,   4,   2,   2,   2,   4,   2,   2,   0,   6,  12,   0,   6,   4,   2,  10,
   4,   4,   0,   2,   4,   4,   8,   6,   4,   6,   0,  12,   4,   6,   0,   0,
   8,   4,   2,   2,   2,   4,   6,   4,  10,   4,   4,   2,   2,   6,   2,   2,
   2,   6,   2,   6,   2,   8,   4,   2,   0,   8,   8,   8,   4,   2,   2,   0,
   2,   6,   6,   2,   4,   6,   6,   4,   2,   6,   4,   4,   0,   6,   4,   2,
   6,   0,   8,   4,   6,   4,   4,   0,   8,   2,   4,   4,   6,   0,   6,   2,
   0,   8,  10,   2,   4,   2,   4,   6,   2,   8,   2,   0,   4,   4,   2,   6,
   0,   2,   4,   8,  10,   4,   4,   0,   4,   0,   4,   2,   8,   4,   6,   4,
   4,   4,  10,   4,   6,   2,   2,   4,   6,   0,   2,   2,   4,   6,   6,   2,
   2,   8,   0,   2,   0,   4,   4,   4,   0,   8,   8,   4,   4,   6,   6,   4,
   2,   4,   8,   2,   4,   4,   2,   2,   2,   2,   2,   6,   6,   4,   6,   8,
   4,   0,   2,   6,   8,   4,   4,   4,   4,   2,   4,   6,   6,   4,   0,   6,
   2,   0,   4,   2,   4,   0,   2,  10,  12,   0,   4,   8,   4,   2,   4,   6,
   0,   4,   0,   4,   6,   4,   6,   4,   2,   2,   4,   0,   6,   4,  12,   6,
   4,   2,   0,   4,   2,   0,  10,   2,   4,   4,   8,   6,   2,   6,   6,   4,
   4,   2,   4,   6,   4,   0,   0,   8,   2,   2,   0,   8,   6,   8,   4,   6,
   6,   8,   0,  14,   2,   2,   2,   2,   2,   0,   2,   8,   2,   2,   4,   8,
   4,   2,   6,   2,   2,   4,   6,   6,   6,   2,   4,   2,   4,   8,   4,   2,
   2,   6,   4,  10,   6,   2,   2,   0,   2,   8,   6,   2,   0,   2,  10,   2,
   0,   2,   6,   4,   2,   2,   2,   6,   8,   2,   2,   4,   6,   6,   2,  10,
   2,   6,   2,   2,   4,   6,   6,   8,   4,   0,   6,   6,   6,   0,   2,   4,
   2,   4,   6,   2,   2,   4,   4,   4,   6,   4,   2,   6,   2,   8,   4,   4,

Maximum: 14
Minimum: 0