Type: 6x4

Mapping: [15, 9, 11, 12, 11, 0, 9, 5, 8, 7, 10, 10, 3, 6, 15, 12, 1, 4, 6, 3, 3, 10, 12, 13, 8, 2, 7, 1, 2, 4, 0, 14, 5, 6, 15, 5, 8, 2, 13, 14, 13, 9, 8, 4, 4, 2, 11, 1, 7, 0, 14, 12, 9, 0, 6, 11, 15, 14, 5, 7, 10, 3, 1, 13]

Balanceness: [32, 32, 32, 32]

Non-linearity: [24, 24, 22, 24]

LAT Table:
  64,  32,  32,  32,  32,  32,  32,  32,  32,  32,  32,  32,  32,  32,  32,  32,
  32,  26,  30,  36,  34,  36,  36,  34,  26,  32,  32,  26,  28,  26,  30,  32,
  32,  36,  30,  34,  40,  36,  34,  30,  38,  38,  28,  36,  30,  30,  24,  32,
  32,  26,  36,  34,  30,  32,  26,  32,  28,  22,  32,  30,  34,  28,  30,  28,
  32,  30,  32,  34,  26,  36,  38,  28,  32,  26,  32,  30,  26,  32,  30,  32,
  32,  32,  30,  30,  28,  40,  34,  38,  30,  30,  36,  28,  34,  30,  32,  28,
  32,  26,  38,  28,  26,  32,  40,  34,  26,  36,  32,  30,  36,  34,  34,  28,
  32,  32,  36,  36,  32,  36,  32,  28,  36,  32,  32,  28,  36,  28,  36,  36,
  32,  30,  34,  32,  30,  28,  32,  38,  30,  36,  32,  30,  32,  38,  34,  40,
  32,  28,  28,  28,  28,  24,  36,  28,  32,  32,  28,  32,  32,  32,  32,  28,
  32,  30,  36,  34,  38,  36,  38,  28,  36,  30,  40,  34,  30,  32,  38,  32,
  32,  24,  30,  34,  32,  32,  30,  34,  34,  26,  32,  28,  30,  38,  28,  32,
  32,  32,  30,  34,  28,  24,  30,  30,  38,  34,  36,  28,  38,  30,  32,  36,
  32,  30,  24,  30,  34,  36,  34,  28,  36,  34,  44,  34,  34,  36,  34,  28,
  32,  32,  32,  28,  28,  32,  28,  28,  40,  32,  32,  36,  24,  28,  32,  32,
  32,  34,  34,  28,  30,  36,  28,  26,  34,  24,  28,  34,  36,  38,  34,  36,
  32,  30,  34,  32,  32,  34,  30,  32,  26,  36,  32,  26,  26,  32,  28,  34,
  32,  28,  32,  40,  34,  34,  26,  38,  24,  36,  36,  36,  34,  26,  30,  26,
  32,  30,  32,  30,  28,  30,  36,  38,  36,  34,  24,  30,  32,  34,  36,  30,
  32,  40,  38,  34,  26,  30,  28,  36,  38,  26,  40,  32,  32,  32,  30,  34,
  32,  32,  34,  30,  34,  34,  28,  32,  26,  34,  32,  36,  28,  28,  34,  38,
  32,  38,  32,  30,  36,  34,  32,  30,  36,  30,  32,  26,  40,  34,  32,  34,
  32,  24,  32,  28,  30,  30,  34,  30,  32,  28,  28,  36,  30,  34,  30,  38,
  32,  34,  30,  24,  28,  38,  26,  36,  30,  40,  32,  34,  34,  36,  28,  30,
  32,  28,  32,  28,  30,  38,  34,  34,  32,  32,  36,  28,  34,  38,  26,  30,
  32,  30,  34,  36,  36,  38,  30,  28,  30,  36,  36,  30,  30,  32,  36,  34,
  32,  40,  26,  34,  34,  30,  28,  32,  26,  34,  32,  24,  32,  28,  30,  34,
  32,  38,  28,  30,  28,  38,  36,  34,  28,  30,  36,  26,  28,  34,  32,  34,
  32,  26,  28,  34,  28,  30,  32,  30,  32,  34,  32,  22,  32,  34,  32,  38,
  32,  28,  30,  42,  26,  30,  28,  32,  34,  34,  36,  36,  32,  32,  22,  38,
  32,  38,  30,  24,  32,  30,  34,  36,  30,  32,  32,  38,  34,  28,  24,  38,
  32,  28,  40,  36,  34,  30,  34,  30,  36,  32,  32,  36,  34,  30,  30,  34,
  32,  34,  30,  36,  36,  30,  30,  28,  32,  30,  30,  32,  32,  30,  34,  36,
  32,  32,  28,  36,  38,  30,  34,  34,  34,  34,  30,  30,  36,  36,  32,  32,
  32,  30,  32,  34,  32,  30,  32,  34,  34,  32,  34,  28,  30,  28,  30,  24,
  32,  32,  30,  30,  38,  30,  32,  40,  32,  28,  30,  26,  42,  30,  28,  32,
  32,  32,  30,  30,  42,  30,  32,  28,  32,  32,  30,  30,  30,  26,  36,  24,
  32,  38,  36,  30,  28,  30,  36,  34,  30,  32,  34,  32,  22,  28,  38,  32,
  32,  36,  40,  36,  30,  38,  34,  26,  30,  30,  30,  30,  32,  36,  20,  32,
  32,  38,  38,  32,  36,  30,  42,  32,  24,  30,  38,  32,  32,  26,  30,  36,
  32,  24,  36,  32,  34,  26,  26,  30,  30,  34,  34,  34,  32,  28,  32,  32,
  32,  34,  30,  32,  32,  26,  30,  32,  32,  34,  38,  24,  32,  34,  38,  32,
  32,  32,  26,  30,  30,  30,  32,  28,  24,  32,  42,  38,  38,  30,  32,  36,
  32,  30,  28,  34,  24,  38,  32,  30,  38,  40,  34,  36,  38,  24,  38,  32,
  32,  34,  32,  34,  28,  26,  36,  34,  30,  40,  30,  32,  34,  32,  26,  32,
  32,  28,  34,  26,  34,  42,  32,  36,  36,  36,  30,  26,  38,  26,  36,  36,
  32,  26,  38,  24,  32,  30,  34,  24,  28,  34,  34,  32,  36,  30,  30,  32,
  32,  32,  24,  36,  34,  30,  34,  26,  30,  30,  30,  34,  40,  36,  32,  32,
  32,  28,  28,  36,  32,  32,  36,  32,  26,  30,  34,  34,  30,  38,  38,  42,
  32,  30,  26,  24,  34,  28,  32,  26,  32,  34,  38,  32,  30,  28,  24,  30,
  32,  28,  30,  38,  32,  32,  42,  38,  32,  32,  34,  38,  36,  32,  34,  34,
  32,  34,  28,  38,  30,  36,  26,  24,  26,  36,  26,  28,  28,  34,  36,  34,
  32,  38,  28,  34,  30,  36,  30,  28,  26,  28,  34,  36,  36,  38,  32,  26,
  32,  32,  34,  38,  32,  32,  26,  38,  36,  36,  34,  30,  32,  32,  30,  34,
  32,  30,  30,  36,  30,  36,  36,  26,  36,  34,  30,  28,  30,  28,  24,  30,
  32,  36,  28,  36,  28,  32,  44,  28,  34,  34,  26,  30,  34,  26,  30,  34,
  32,  34,  38,  36,  38,  28,  36,  30,  32,  42,  34,  32,  30,  44,  32,  26,
  32,  32,  24,  32,  28,  32,  32,  36,  30,  34,  26,  38,  26,  34,  34,  26,
  32,  30,  36,  30,  30,  40,  30,  28,  30,  40,  30,  36,  36,  34,  32,  34,
  32,  32,  30,  30,  24,  28,  30,  26,  32,  32,  34,  26,  32,  28,  34,  30,
  32,  32,  34,  34,  32,  32,  30,  30,  24,  28,  22,  34,  40,  28,  34,  30,
  32,  30,  28,  38,  30,  36,  34,  36,  34,  24,  34,  36,  32,  30,  32,  26,
  32,  28,  24,  28,  40,  36,  32,  36,  34,  30,  30,  34,  26,  30,  30,  42,
  32,  38,  34,  36,  26,  32,  32,  34,  32,  34,  30,  36,  34,  28,  36,  34,

Maximum: 44
Minimum: 20
Bias: 0.1875

DAT Table:
  64,   0,   0,   0,   0,   0,   0,   0,   0,   0,   0,   0,   0,   0,   0,   0,
   2,   4,   4,   6,   2,   6,   8,   4,   0,   6,   8,   2,   6,   2,   2,   2,
   0,   0,   6,   6,   2,   8,   0,   6,   0,   4,   8,   4,   6,   4,   2,   8,
   2,   2,  12,   2,   2,   4,   6,   2,   2,  12,   0,   4,   2,   2,   6,   4,
   2,   2,   6,   2,   6,   6,   4,   4,   2,   6,   6,   6,   0,   4,   6,   2,
   2,   4,   2,   0,   4,   6,   4,   6,   4,   6,   2,   4,   4,   2,   6,   8,
   2,   2,   0,   2,   2,   6,   6,   8,   8,   6,   0,   4,  12,   2,   2,   2,
   6,   0,   6,   4,   2,   2,   6,   2,   4,   2,   4,   6,  10,   6,   2,   2,
   2,   8,   2,   6,   0,   0,  12,   6,   6,   4,   0,   4,   4,   0,   6,   4,
   0,   4,   2,   4,   2,   4,   4,   4,   4,   6,  10,   6,   6,   6,   0,   2,
   0,   4,   8,  12,   4,   4,   2,   2,   4,   4,   2,   2,   8,   4,   4,   0,
   6,   6,   0,   6,   6,   6,   4,   2,   4,   4,   4,   2,   2,   2,   2,   8,
   4,   4,   0,  10,   8,   4,   4,   2,   2,   0,   2,   6,   6,   4,   2,   6,
   0,   6,   4,   8,   2,   2,   4,   6,   4,   4,   6,   0,   2,   4,   6,   6,
   6,   6,   2,   0,   8,   4,   4,  10,   2,   2,   6,   4,   2,   2,   2,   4,
   0,   8,   4,   4,   8,   4,   4,   0,   2,   0,   6,   0,   2,  12,   6,   4,
   2,   8,  10,   2,   0,   6,   2,   2,   4,   2,   4,   4,   2,   8,   4,   4,
   2,   8,   0,   6,   4,   2,   6,   4,  10,   2,   4,   8,   2,   2,   0,   4,
   0,   2,   4,   2,   2,   4,   2,   4,  12,   4,  10,   2,   0,   4,   6,   6,
   2,   0,   4,   6,   2,   0,   8,   2,   6,   6,   2,   6,   6,   6,   2,   6,
   0,   2,   4,   6,   6,   0,   6,   4,   2,   6,   8,   4,   6,   2,   4,   4,
   4,   6,   0,   6,   6,  12,   2,   0,   2,   0,   8,   2,   4,   2,   6,   4,
   0,   4,   2,   6,   8,   4,   6,   6,   8,   2,   2,   0,   2,   4,   8,   2,
   4,   4,   4,   2,   6,   4,   4,   4,   6,   2,   0,   2,   4,   6,   8,   4,
   2,   4,   6,   6,   2,   0,   2,   2,   4,  10,   8,   4,   8,   6,   0,   0,
   8,   2,   4,   0,   4,   4,   2,   4,   4,   6,   4,   8,   4,   4,   2,   4,
   4,   6,   4,   4,   4,   2,   2,   2,   4,   4,   0,  10,   2,   2,   8,   6,
   2,   6,   2,   6,   6,   6,   0,   4,   4,   2,   4,   6,   0,   2,  10,   4,
   0,   0,  10,   4,   4,   4,   2,   4,   4,   6,   0,   4,   2,   8,   6,   6,
   2,   0,   8,   2,   6,   4,   6,   8,   4,   2,   4,   6,   6,   4,   0,   2,
   4,   8,   4,   0,   6,   8,   2,   4,   4,   4,   4,   4,   4,   2,   4,   2,
   6,   4,   0,   2,   0,   2,   4,   6,   6,   4,   2,   8,   4,   6,   2,   8,
   0,   2,   6,   4,  10,   2,   6,   6,   4,   2,   8,   2,   2,   2,   4,   4,
   2,   8,   4,   8,   2,   0,   2,   6,   4,   4,   4,   2,   2,   6,   8,   2,
   4,   6,   0,   8,   0,   6,   2,   6,   6,   2,   4,   2,   2,   6,   6,   4,
   0,   0,   2,   4,   6,   4,   4,   4,   4,   4,   4,   2,   6,  12,   2,   6,
   4,   6,   6,   0,   4,   4,   8,   4,   6,   2,   4,   4,   4,   2,   4,   2,
   4,   8,   0,   6,   2,   6,   0,   2,   2,   0,   8,  12,   4,  10,   0,   0,
   2,   0,   8,  10,   2,   4,   4,   6,   2,   2,   0,   4,   2,   6,   4,   8,
   2,   8,   2,   2,   8,   4,   4,   2,   2,   4,   6,   2,   4,   0,   8,   6,
   4,   2,  12,   4,   8,   4,   2,   0,   2,   6,   2,   4,   0,   6,   2,   6,
   4,  10,   4,   0,   6,   4,   4,   0,   6,   2,   0,   6,   2,   2,   6,   8,
   4,   4,   4,   2,   4,   2,   6,  10,   2,   4,   0,   0,   2,   6,  10,   4,
   2,   8,   4,   0,   4,   0,   4,   6,   4,   2,   2,  10,   6,   6,   2,   4,
   8,   8,   4,   0,   6,   4,   4,   6,   0,   6,   4,   6,   2,   2,   4,   0,
   2,   0,   8,   6,   2,   4,   0,   6,   4,   0,   6,   6,   4,  12,   2,   2,
   4,   2,   2,   8,   6,   2,   2,   2,   6,   6,   4,   0,   8,   2,   8,   2,
   4,   0,   8,   2,   4,   4,   4,   2,  10,  12,   4,   0,   2,   0,   4,   4,
   4,   4,   4,   2,   2,   8,   6,   2,   4,   8,   0,   6,   0,   2,   4,   8,
   8,   8,  10,   6,   0,   2,   2,   4,   2,   4,   0,   2,   4,   4,   2,   6,
   6,   4,   2,   2,   8,  12,   2,   0,   2,   2,   2,   4,   6,   4,   4,   4,
   4,   0,   4,   4,   4,   4,   6,   6,   0,   2,   4,   6,   8,   2,   6,   4,
   6,   0,   2,   2,   2,   0,   6,   6,   6,   6,   4,   6,  10,   6,   0,   2,
   4,   0,   2,   2,   2,   4,   6,   4,   4,   8,   6,  10,   2,   4,   2,   4,
   6,   4,   6,   8,   0,   4,   2,   2,   0,   8,   6,   2,   8,   2,   4,   2,
   2,   2,   2,   6,   6,  10,   6,   2,   2,  12,   2,   4,   2,   0,   2,   4,
   4,   2,   0,   2,   6,   0,   6,  12,   8,   2,   4,   2,   4,   6,   4,   2,
   4,   4,   4,   4,   8,   0,   6,   2,   6,   4,   4,   2,   4,   2,   8,   2,
   2,   0,   4,   2,   2,   2,   6,   6,   6,   2,  10,   6,   4,   6,   2,   4,
   2,   6,   4,   2,   4,   6,   4,   0,   4,   6,   4,   0,   6,   6,   4,   6,
   6,   8,   6,   2,   6,   4,   4,   4,   0,   2,   6,   2,   4,   2,   4,   4,
   4,   8,   2,   8,   2,   6,   2,   4,   6,   2,   6,   0,   6,   2,   4,   2,
   0,   8,   2,   4,   4,   6,   2,   2,   4,   0,   6,   4,   6,   4,   8,   4,
   4,   2,   4,   4,   2,   6,   6,   8,   6,   2,   4,   6,   2,   0,   0,   8,

Maximum: 12
Minimum: 0