
best:  [24, 26, 24, 24]
[3, 36, 19, 7, 39, 38, 45, 60, 52, 33, 23, 47, 40, 20, 46, 35, 34, 25, 61, 55, 29, 26, 42, 14, 11, 5, 22, 54, 30, 21, 2, 49, 50, 53, 0, 63, 51, 44, 43, 12, 41, 37, 56, 6, 58, 48, 4, 24, 9, 57, 28, 8, 59, 17, 1, 62, 16, 10, 18, 27, 13, 31, 15, 32]

best:  [24, 26, 24, 24]
[3, 36, 19, 7, 39, 38, 45, 60, 52, 33, 23, 47, 40, 20, 46, 35, 34, 25, 61, 55, 44, 26, 42, 14, 11, 5, 22, 54, 30, 21, 2, 49, 50, 53, 0, 63, 51, 29, 43, 12, 41, 37, 56, 6, 58, 48, 4, 24, 9, 57, 28, 8, 59, 17, 1, 62, 16, 10, 18, 27, 13, 31, 15, 32]

best:  [24, 26, 24, 24]
[3, 36, 19, 7, 39, 38, 45, 60, 52, 33, 23, 47, 40, 20, 46, 35, 34, 25, 61, 55, 44, 26, 42, 14, 11, 5, 22, 54, 30, 21, 2, 49, 50, 53, 0, 63, 51, 29, 43, 12, 41, 37, 56, 6, 58, 48, 4, 1, 9, 57, 28, 8, 59, 17, 24, 62, 16, 10, 18, 27, 13, 31, 15, 32]

best:  [24, 26, 24, 24]
[3, 36, 19, 7, 39, 38, 45, 60, 52, 33, 23, 47, 40, 20, 46, 35, 34, 25, 61, 55, 44, 26, 42, 14, 11, 5, 22, 54, 30, 21, 2, 49, 50, 53, 0, 63, 51, 29, 43, 12, 41, 37, 56, 6, 58, 48, 4, 24, 9, 57, 28, 8, 59, 17, 1, 62, 16, 10, 18, 27, 13, 31, 15, 32]

best:  [24, 26, 24, 24]
[3, 36, 19, 7, 39, 38, 45, 60, 52, 33, 23, 47, 40, 20, 46, 35, 34, 25, 61, 55, 29, 26, 42, 14, 11, 5, 22, 54, 30, 21, 2, 49, 50, 53, 0, 63, 51, 44, 43, 12, 41, 37, 56, 6, 58, 48, 4, 24, 9, 57, 28, 8, 59, 17, 1, 62, 16, 10, 18, 27, 13, 31, 15, 32]

best:  [24, 26, 24, 24]
[3, 36, 19, 7, 39, 38, 45, 60, 52, 33, 23, 47, 40, 20, 46, 35, 34, 25, 61, 55, 44, 26, 42, 14, 11, 5, 22, 54, 30, 21, 2, 49, 50, 53, 0, 63, 51, 29, 43, 12, 41, 37, 56, 6, 58, 48, 4, 24, 13, 57, 28, 8, 59, 17, 1, 62, 16, 10, 18, 27, 9, 31, 15, 32]

best:  [24, 26, 24, 24]
[3, 36, 19, 7, 39, 6, 45, 60, 52, 33, 23, 47, 40, 20, 46, 35, 34, 25, 61, 55, 44, 26, 42, 14, 11, 5, 22, 54, 30, 21, 2, 41, 50, 53, 0, 63, 51, 29, 43, 12, 49, 37, 56, 38, 58, 48, 4, 24, 9, 57, 28, 8, 59, 17, 1, 62, 16, 10, 18, 27, 13, 31, 15, 32]

best:  [24, 26, 24, 24]
[3, 36, 19, 7, 39, 38, 45, 60, 52, 33, 23, 47, 40, 20, 46, 35, 34, 25, 61, 55, 44, 26, 42, 14, 11, 5, 22, 54, 30, 21, 2, 49, 50, 53, 0, 63, 51, 29, 43, 12, 41, 37, 56, 6, 58, 48, 4, 24, 9, 57, 28, 8, 59, 17, 1, 62, 16, 10, 18, 27, 13, 31, 15, 32]

best:  [24, 26, 24, 24]
[3, 36, 19, 7, 39, 38, 45, 60, 52, 33, 23, 47, 40, 20, 46, 35, 34, 25, 61, 55, 44, 26, 42, 14, 11, 5, 22, 54, 30, 21, 2, 41, 50, 53, 0, 63, 51, 29, 43, 12, 1, 37, 56, 6, 58, 48, 4, 24, 9, 57, 28, 8, 59, 49, 17, 62, 16, 10, 18, 27, 13, 31, 15, 32]

best:  [24, 26, 24, 24]
[3, 36, 19, 7, 39, 38, 45, 60, 52, 33, 23, 47, 40, 20, 46, 35, 34, 25, 61, 55, 44, 26, 42, 14, 11, 5, 22, 54, 30, 21, 2, 49, 50, 53, 0, 63, 51, 29, 43, 12, 41, 37, 56, 6, 58, 48, 4, 24, 9, 57, 28, 8, 59, 17, 1, 62, 16, 10, 18, 27, 13, 31, 15, 32]

best:  [24, 26, 24, 24]
[3, 36, 19, 7, 39, 38, 45, 60, 52, 33, 23, 47, 40, 20, 46, 35, 34, 25, 61, 55, 44, 26, 42, 14, 11, 5, 22, 54, 30, 21, 2, 49, 50, 53, 0, 63, 51, 29, 43, 12, 41, 37, 56, 6, 58, 48, 1, 24, 9, 57, 28, 8, 59, 17, 4, 62, 16, 10, 18, 27, 13, 31, 15, 32]

best:  [24, 26, 24, 24]
[3, 36, 19, 7, 39, 38, 45, 60, 52, 33, 23, 47, 40, 20, 46, 35, 34, 25, 61, 55, 44, 26, 42, 14, 11, 5, 22, 54, 30, 21, 2, 49, 50, 53, 0, 63, 51, 29, 43, 12, 41, 37, 56, 6, 58, 48, 4, 24, 9, 57, 28, 8, 59, 1, 17, 62, 16, 10, 18, 27, 13, 31, 15, 32]

best:  [24, 26, 24, 24]
[3, 36, 19, 7, 39, 38, 45, 60, 52, 33, 23, 47, 40, 20, 46, 35, 34, 25, 61, 55, 44, 26, 42, 14, 11, 5, 22, 54, 30, 21, 2, 49, 50, 53, 0, 63, 51, 29, 43, 12, 41, 37, 56, 6, 58, 48, 4, 24, 9, 57, 28, 8, 59, 17, 1, 62, 16, 10, 18, 27, 13, 31, 15, 32]

best:  [24, 26, 24, 24]
[3, 36, 19, 7, 39, 38, 45, 60, 52, 33, 23, 47, 40, 20, 46, 35, 34, 25, 61, 55, 44, 26, 42, 14, 11, 4, 22, 54, 30, 21, 2, 49, 50, 53, 24, 63, 51, 29, 43, 12, 41, 37, 56, 6, 58, 48, 5, 0, 9, 57, 28, 8, 59, 17, 1, 62, 16, 10, 18, 27, 13, 31, 15, 32]

best:  [24, 26, 24, 24]
[3, 36, 19, 7, 39, 38, 45, 60, 52, 33, 23, 47, 40, 20, 46, 35, 34, 25, 61, 55, 44, 26, 42, 14, 11, 5, 22, 54, 30, 21, 2, 41, 50, 53, 0, 63, 51, 29, 43, 12, 1, 37, 56, 6, 58, 48, 4, 24, 9, 57, 28, 8, 59, 49, 17, 62, 16, 10, 18, 27, 13, 31, 15, 32]

best:  [24, 26, 24, 24]
[3, 36, 19, 7, 39, 38, 45, 60, 52, 33, 23, 47, 40, 20, 46, 35, 34, 25, 61, 55, 44, 26, 42, 14, 11, 5, 22, 54, 30, 21, 2, 49, 50, 53, 0, 63, 51, 29, 43, 12, 41, 37, 56, 6, 58, 48, 4, 24, 9, 57, 28, 8, 59, 17, 1, 62, 16, 10, 18, 27, 13, 31, 15, 32]