Type: 6x4

Mapping: [3, 8, 1, 1, 15, 10, 15, 13, 9, 11, 15, 5, 6, 14, 6, 14, 13, 1, 5, 4, 7, 11, 14, 0, 8, 6, 2, 12, 4, 10, 4, 3, 1, 3, 5, 0, 2, 10, 3, 10, 8, 7, 0, 13, 9, 12, 7, 6, 11, 2, 2, 15, 9, 12, 5, 7, 9, 4, 8, 14, 12, 0, 13, 11]

Balanceness: [32, 32, 32, 32]

Non-linearity: [24, 24, 22, 24]

LAT Table:
  64,  32,  32,  32,  32,  32,  32,  32,  32,  32,  32,  32,  32,  32,  32,  32,
  32,  26,  36,  30,  32,  34,  36,  30,  34,  36,  26,  28,  30,  32,  22,  32,
  32,  34,  32,  34,  40,  26,  32,  26,  26,  32,  26,  32,  26,  32,  34,  32,
  32,  28,  36,  32,  32,  28,  36,  32,  28,  36,  28,  36,  32,  32,  32,  32,
  32,  28,  40,  32,  38,  34,  34,  34,  36,  32,  32,  24,  34,  30,  26,  26,
  32,  34,  32,  30,  42,  36,  30,  36,  26,  28,  34,  32,  32,  34,  36,  34,
  32,  26,  28,  34,  34,  28,  34,  40,  34,  32,  26,  36,  28,  26,  32,  26,
  32,  32,  36,  32,  30,  30,  30,  34,  24,  28,  36,  36,  34,  30,  34,  34,
  32,  24,  30,  30,  38,  38,  28,  28,  36,  28,  38,  30,  38,  30,  32,  32,
  32,  26,  26,  28,  26,  28,  28,  38,  34,  28,  36,  30,  36,  38,  30,  32,
  32,  30,  26,  32,  34,  32,  28,  34,  30,  32,  28,  30,  36,  30,  34,  28,
  32,  32,  30,  38,  30,  38,  36,  28,  36,  40,  34,  38,  34,  30,  40,  28,
  32,  32,  34,  30,  32,  24,  30,  34,  40,  32,  34,  30,  36,  28,  34,  30,
  32,  30,  34,  28,  24,  30,  22,  32,  34,  32,  32,  34,  26,  32,  44,  30,
  32,  34,  34,  32,  32,  34,  30,  36,  30,  28,  32,  34,  42,  32,  32,  34,
  32,  32,  26,  38,  32,  24,  30,  34,  32,  36,  38,  30,  32,  28,  34,  34,
  32,  28,  28,  28,  34,  34,  38,  34,  32,  28,  32,  32,  34,  26,  34,  38,
  32,  30,  28,  38,  34,  28,  38,  28,  38,  36,  34,  28,  36,  30,  32,  38,
  32,  34,  28,  34,  34,  32,  30,  32,  30,  28,  30,  32,  32,  34,  24,  30,
  32,  36,  36,  20,  34,  34,  30,  34,  36,  36,  32,  28,  34,  30,  30,  30,
  32,  24,  40,  40,  36,  32,  32,  36,  36,  28,  36,  36,  32,  36,  36,  32,
  32,  38,  36,  26,  24,  26,  32,  26,  30,  28,  38,  36,  34,  28,  30,  32,
  32,  34,  28,  38,  32,  30,  32,  30,  30,  28,  26,  32,  30,  32,  30,  32,
  32,  32,  32,  32,  36,  32,  32,  28,  40,  28,  28,  32,  32,  32,  32,  32,
  32,  36,  34,  34,  40,  32,  26,  30,  32,  28,  34,  34,  36,  20,  30,  34,
  32,  30,  34,  36,  28,  30,  30,  28,  34,  32,  32,  26,  38,  32,  28,  26,
  32,  38,  30,  32,  28,  38,  34,  32,  38,  32,  36,  34,  30,  28,  28,  38,
  32,  32,  30,  34,  32,  28,  30,  30,  32,  28,  34,  26,  40,  40,  34,  30,
  32,  36,  34,  30,  30,  22,  44,  36,  36,  24,  26,  30,  30,  38,  32,  32,
  32,  26,  30,  24,  38,  36,  32,  30,  34,  28,  32,  34,  24,  30,  34,  32,
  32,  26,  34,  36,  30,  28,  28,  34,  30,  36,  28,  34,  32,  26,  26,  36,
  32,  32,  30,  30,  38,  34,  40,  28,  36,  32,  34,  38,  34,  34,  36,  36,
  32,  32,  30,  30,  28,  28,  34,  34,  32,  32,  38,  30,  32,  24,  30,  30,
  32,  34,  26,  36,  24,  34,  34,  28,  34,  36,  32,  34,  34,  28,  32,  34,
  32,  30,  26,  32,  32,  38,  34,  40,  30,  32,  32,  34,  26,  28,  36,  30,
  32,  32,  38,  38,  28,  36,  26,  34,  40,  28,  26,  38,  36,  32,  30,  34,
  32,  28,  38,  30,  34,  30,  28,  28,  32,  28,  26,  26,  30,  34,  36,  36,
  32,  26,  30,  28,  34,  36,  28,  34,  30,  32,  28,  42,  40,  34,  26,  32,
  32,  38,  38,  32,  34,  32,  36,  38,  26,  36,  28,  34,  40,  34,  30,  36,
  32,  36,  30,  30,  34,  30,  28,  28,  32,  32,  30,  34,  26,  34,  28,  32,
  32,  28,  40,  36,  30,  34,  38,  34,  28,  32,  32,  36,  34,  30,  38,  26,
  32,  30,  28,  34,  30,  36,  34,  32,  26,  24,  30,  36,  36,  34,  32,  38,
  32,  30,  32,  38,  30,  36,  30,  28,  34,  28,  30,  32,  32,  34,  28,  38,
  32,  32,  28,  28,  30,  30,  26,  34,  32,  36,  28,  32,  34,  30,  30,  34,
  32,  36,  36,  28,  32,  28,  32,  32,  36,  24,  32,  40,  28,  24,  28,  28,
  32,  34,  36,  34,  36,  30,  28,  42,  38,  40,  30,  28,  30,  32,  34,  40,
  32,  34,  32,  30,  28,  38,  32,  30,  30,  36,  30,  32,  34,  32,  30,  32,
  32,  32,  24,  28,  32,  32,  28,  32,  32,  36,  28,  36,  36,  32,  28,  28,
  32,  28,  30,  30,  30,  30,  36,  32,  24,  36,  34,  26,  34,  34,  28,  32,
  32,  30,  30,  32,  34,  28,  32,  30,  30,  36,  28,  30,  32,  26,  38,  44,
  32,  38,  34,  36,  34,  28,  28,  34,  34,  36,  32,  38,  32,  38,  30,  40,
  32,  24,  26,  30,  30,  26,  32,  32,  32,  28,  34,  34,  30,  38,  32,  36,
  32,  32,  26,  34,  40,  28,  30,  26,  32,  32,  34,  34,  28,  32,  26,  30,
  32,  30,  30,  36,  32,  26,  34,  28,  34,  32,  28,  42,  34,  36,  32,  26,
  32,  30,  34,  32,  32,  34,  22,  32,  30,  40,  32,  34,  26,  40,  32,  30,
  32,  28,  30,  26,  32,  32,  34,  34,  40,  32,  34,  34,  32,  36,  30,  42,
  32,  32,  32,  36,  32,  36,  32,  24,  32,  32,  24,  28,  32,  28,  32,  32,
  32,  34,  32,  38,  40,  30,  32,  34,  34,  36,  46,  36,  30,  36,  26,  28,
  32,  38,  32,  34,  32,  34,  32,  38,  26,  28,  34,  32,  26,  32,  26,  36,
  32,  24,  32,  36,  32,  28,  32,  40,  28,  32,  32,  32,  32,  24,  28,  32,
  32,  40,  24,  32,  38,  34,  34,  38,  32,  32,  28,  28,  38,  34,  38,  26,
  32,  38,  28,  34,  34,  28,  26,  36,  38,  28,  26,  32,  36,  30,  36,  30,
  32,  34,  28,  38,  26,  40,  34,  40,  38,  28,  30,  28,  24,  34,  28,  30,
  32,  32,  32,  40,  30,  34,  26,  30,  28,  24,  36,  24,  30,  30,  34,  34,

Maximum: 46
Minimum: 20
Bias: 0.21875

DAT Table:
  64,   0,   0,   0,   0,   0,   0,   0,   0,   0,   0,   0,   0,   0,   0,   0,
   2,   4,   8,   0,   0,   8,   4,   2,   6,   4,   2,   2,   6,   6,   8,   2,
  10,   6,   2,   2,   2,   2,   2,   2,   4,   8,  10,   6,   2,   2,   4,   0,
   2,   2,   4,   0,  10,   6,   2,  10,   6,   8,   0,   2,   4,   2,   4,   2,
   0,   2,   4,   2,   4,   8,   4,   4,   2,   4,   6,   8,   8,   0,   4,   4,
   0,   6,   4,   8,   2,   4,   6,   6,   4,   4,   6,   4,   2,   2,   4,   2,
   0,   6,   4,   4,   4,   8,   4,   2,   0,   6,   2,   6,   4,   0,   6,   8,
   4,   2,   8,   4,   2,   0,   2,   6,   6,   2,   0,   6,   4,   4,  10,   4,
   0,   4,   2,   8,   8,   6,   4,   4,   4,   6,   6,   2,   6,   2,   2,   0,
   4,   6,   0,   2,   4,   2,   4,   2,   4,   6,   2,   8,   4,   6,   6,   4,
   0,   2,   2,   6,   4,   2,   2,   6,   4,   6,   8,   4,   6,   8,   2,   2,
   0,   8,   4,   8,   8,   4,   6,   2,   4,   0,   4,   4,   6,   2,   0,   4,
   4,   4,   4,   2,   2,   2,   6,   8,   6,   4,   2,   2,   4,   6,   0,   8,
   2,   2,  10,   6,   2,   6,   2,   6,   0,   2,   6,   4,   0,   6,   6,   4,
   2,   4,   6,   2,   0,   6,  14,   6,   0,   4,   0,   2,   6,   2,   4,   6,
   4,   2,   4,   2,  10,   4,   0,   6,   4,   6,   4,   2,   0,   2,   6,   8,
   0,  10,   4,   4,   4,   4,   4,   2,   4,   4,   4,   2,   2,  12,   2,   2,
   2,   0,   4,  10,   6,   8,   0,   2,   2,   2,   6,   2,   6,   2,   6,   6,
   4,   2,   6,   4,   4,   0,   8,   8,   2,   6,   4,   4,   6,   4,   2,   0,
   2,   4,   2,   2,   8,   6,   2,   6,   0,   4,   8,   2,   4,   4,   2,   8,
   4,   6,   4,   2,   6,   2,   4,   4,  10,   4,   2,   4,   0,   4,   2,   6,
   6,   6,   2,   2,   0,   4,   2,   2,   8,   2,   4,   6,   6,   4,   4,   6,
   2,   2,   8,   0,   6,   4,   2,   0,  10,   0,   4,   2,  10,   6,   6,   2,
   6,   8,   0,   6,   2,   2,  10,   2,   2,   4,   8,   2,   2,   2,   2,   6,
   6,   8,   6,   4,   2,   4,   0,   2,   4,   0,   6,   6,   0,   4,  12,   0,
   8,   0,   2,   4,   0,  10,   6,   2,   6,   4,   4,   4,   4,   4,   2,   4,
   0,   6,   2,   0,   6,   2,   0,   4,   4,   6,   6,   8,   6,   2,   4,   8,
   2,   2,   2,   2,   0,   4,   6,   6,   2,  12,   2,   4,   2,   4,   8,   6,
   2,   6,   6,   4,   2,   8,   0,   4,   2,   2,   4,  10,   2,   4,   6,   2,
   0,   2,  10,   6,   4,   2,   2,   6,   4,   4,   0,   6,   4,   4,   4,   6,
   4,   2,   0,   4,   4,   2,   2,   6,   4,   4,   6,  12,   4,   4,   4,   2,
   2,   0,   8,   6,   4,  10,   2,   4,   2,   4,   2,   4,   8,   2,   4,   2,
   2,   8,   8,   2,   2,   0,   2,   8,   8,   2,   4,   6,   4,   2,   2,   4,
   4,   2,   4,   2,   6,   8,   4,   2,   2,   6,   6,   2,   4,   0,   6,   6,
   6,   4,   8,   2,   0,   0,   6,   6,  10,   4,   0,   2,   6,   2,   4,   4,
   6,   0,   6,   4,   4,   6,   4,   6,   2,   6,   2,   2,   0,   4,   4,   8,
   4,   2,   4,   6,   4,   0,   4,   4,   2,   6,   2,   2,   6,   8,   6,   4,
   4,  10,  10,   2,   0,   4,   2,   0,   6,   6,   6,   8,   2,   0,   2,   2,
   2,   0,   4,   4,   4,   6,   6,   2,   4,   4,   4,   2,   6,   6,  10,   0,
   4,   2,   4,   6,   2,   0,   2,   0,   2,   6,   6,  10,  10,   2,   2,   6,
   2,   4,   0,   6,  12,   6,   6,   0,   6,   0,   4,  10,   2,   4,   0,   2,
   4,   2,   0,   8,   2,   2,   2,   4,   4,   4,   8,   2,  10,   8,   2,   2,
   6,   4,   2,   2,   6,   6,   6,   0,   2,   6,   4,   2,   6,   4,   4,   4,
   2,   2,   0,   6,   6,   0,   4,   4,   4,   8,   2,   0,  12,   6,   6,   2,
   2,   8,   0,   2,   2,   0,   6,   8,   4,   0,   4,   4,   4,   4,   6,  10,
   2,   6,   6,   4,   2,   6,   8,   2,   4,   6,   0,   4,   0,   6,   2,   6,
   4,   6,   0,   2,   6,   4,   2,   8,   2,   2,   6,   2,   0,   8,   4,   8,
   0,   0,   2,   6,   0,  12,   6,   2,  12,   4,   4,   4,   2,   2,   2,   6,
   6,   6,   4,   4,   2,   6,   6,   2,   2,   0,  10,   4,   2,   4,   4,   2,
   2,   6,   6,  14,   4,   2,   2,   0,   6,   2,   0,   0,   2,   8,   6,   4,
   0,  12,   0,   4,   4,   4,   4,   4,   4,   0,  10,   6,   4,   4,   2,   2,
   0,   0,   6,   8,   8,   6,   6,   2,   6,   0,   6,   2,   4,   8,   0,   2,
   4,   2,   4,   0,   8,   4,   6,   0,   4,   0,   8,   6,   2,   4,   8,   4,
   2,   4,   4,   6,  10,   2,   4,   8,   4,   4,   2,   2,   0,   2,   2,   8,
   8,   0,   2,   4,   8,   4,   2,   4,   2,   0,   2,   6,   2,   4,   6,  10,
   2,   4,   6,   2,   2,   2,   8,   6,   6,   4,   2,   2,   0,   8,   6,   4,
   2,   0,   6,   4,   0,   6,   8,   6,   0,  14,   6,   0,   4,   2,   2,   4,
   8,   4,   4,   0,   4,   0,   2,  10,   6,   6,   4,   8,   0,   0,   4,   4,
   4,   2,   4,   8,   4,   2,   6,   6,   2,   4,   0,   4,   4,  10,   0,   4,
   4,  12,   4,   2,   2,   2,   2,   4,   4,   6,   2,   2,   4,   6,   6,   2,
   2,   6,   6,   4,   4,   2,   4,   4,   2,   2,   6,   0,   8,   6,   4,   4,
   6,   4,   4,  12,   8,   6,   2,   2,   6,   2,   2,   4,   4,   0,   0,   2,
   4,   6,   0,   2,   4,   2,  10,   8,   2,   4,   4,   2,  10,   4,   2,   0,
   0,   4,   6,   2,   6,   6,   2,   2,   6,   6,   2,   6,   4,   4,   6,   2,

Maximum: 14
Minimum: 0