Round Input Differences:

[128], 
[72, 73, 91, 100, 118], 
[5, 14, 23, 33, 42, 60, 69, 87, 96, 97, 98, 107, 7, 16, 17, 26, 53, 8, 9, 27], 
[1, 10, 19, 28, 46, 55, 65, 74, 83, 110, 2, 11, 20, 38, 47, 66, 75, 93, 3, 12, 21, 48, 49, 58, 67, 76, 94, 103, 4, 41, 50, 59, 86, 95, 104, 5, 14, 23, 60, 15, 52, 70, 79, 89, 98, 116, 7, 16, 26, 35, 44, 53, 62, 71, 80, 81, 99], 
[10, 46, 64, 65, 101, 128, 20, 38, 57, 66, 75, 93, 111, 120, 121, 3, 21, 48, 49, 58, 94, 103, 112, 4, 13, 22, 31, 50, 59, 68, 77, 104, 123, 5, 14, 23, 60, 78, 87, 96, 97, 6, 15, 34, 43, 52, 61, 70, 79, 88, 89, 98, 107, 125, 7, 16, 17, 35, 44, 71, 80, 90, 8, 9, 18, 27, 54], 
[1, 10, 46, 65, 92, 101, 110, 119, 20, 38, 56, 57, 84, 93, 102, 120, 3, 30, 39, 48, 49, 58, 67, 76, 85, 113, 4, 13, 40, 77, 104, 105, 114, 5, 14, 23, 32, 33, 51, 60, 69, 87, 106, 6, 24, 70, 88, 98, 107, 7, 16, 17, 44, 71, 80, 81, 108, 117, 8, 9, 27, 36, 54, 72, 118, 127], 
[1, 10, 19, 65, 83, 110, 128, 2, 11, 29, 38, 56, 66, 84, 93, 102, 111, 3, 12, 21, 39, 49, 58, 67, 76, 85, 94, 103, 122, 4, 13, 40, 41, 68, 77, 86, 95, 104, 123, 5, 32, 33, 42, 96, 97, 106, 124, 6, 15, 24, 43, 79, 88, 98, 116, 125, 7, 16, 17, 26, 44, 62, 71, 80, 81, 90, 108, 8, 9, 27, 54, 72, 73, 82, 91, 100, 109, 127], 
[46, 55, 64, 83, 92, 101, 128, 2, 11, 20, 47, 66, 75, 84, 111, 21, 67, 85, 103, 113, 122, 40, 41, 68, 86, 104, 105, 123, 5, 14, 33, 51, 60, 69, 78, 87, 106, 6, 15, 34, 43, 52, 70, 79, 88, 98, 16, 17, 26, 44, 53, 62, 71, 80, 81, 90, 108, 8, 9, 18, 27, 54, 72, 82, 91, 109, 118], 
[10, 55, 65, 74, 83, 92, 101, 128, 2, 11, 20, 66, 75, 93, 3, 12, 21, 48, 76, 103, 113, 122, 4, 13, 31, 40, 68, 86, 104, 14, 23, 32, 42, 51, 60, 78, 87, 96, 6, 15, 25, 52, 70, 79, 88, 98, 107, 116, 125, 7, 16, 26, 35, 53, 71, 80, 90, 99, 108, 117, 126, 27, 54, 63, 72, 82, 100, 127], 
[1, 10, 46, 55, 74, 92, 101, 128, 2, 11, 38, 75, 84, 93, 120, 121, 3, 30, 48, 49, 67, 85, 94, 103, 113, 122, 4, 13, 31, 40, 68, 123, 5, 23, 32, 33, 42, 51, 60, 69, 78, 87, 96, 106, 115, 6, 15, 24, 25, 34, 52, 61, 79, 89, 98, 107, 116, 125, 7, 16, 17, 26, 44, 62, 71, 80, 108, 117, 126, 8, 9, 18, 27, 36, 45, 54, 63, 72, 73, 82, 91, 118, 127], 
[46, 55, 64, 65, 74, 83, 92, 2, 11, 20, 38, 47, 57, 66, 75, 93, 111, 120, 3, 12, 21, 30, 48, 67, 76, 85, 94, 103, 112, 113, 122, 4, 41, 50, 59, 77, 86, 104, 105, 114, 5, 14, 32, 51, 78, 96, 97, 106, 115, 6, 24, 34, 88, 89, 98, 116, 125, 7, 16, 17, 26, 35, 71, 80, 90, 99, 117, 8, 18, 27, 36, 45, 82, 91, 109, 127], 
[1, 10, 19, 64, 65, 74, 83, 119, 20, 47, 56, 66, 93, 102, 111, 120, 3, 48, 67, 76, 85, 94, 103, 122, 4, 22, 31, 50, 68, 77, 104, 105, 123, 23, 32, 33, 42, 51, 69, 96, 97, 124, 15, 52, 61, 70, 79, 116, 125, 7, 16, 17, 44, 62, 71, 108, 8, 18, 72, 73, 82, 100, 109, 118], 
[10, 28, 55, 65, 74, 83, 92, 101, 128, 2, 11, 20, 47, 57, 66, 75, 84, 111, 120, 121, 3, 12, 21, 48, 49, 58, 67, 76, 85, 94, 103, 4, 31, 41, 50, 59, 68, 77, 86, 95, 114, 14, 33, 69, 78, 96, 97, 106, 115, 124, 6, 24, 25, 34, 70, 79, 88, 89, 116, 7, 16, 17, 35, 53, 62, 80, 90, 108, 117, 9, 18, 27, 36, 45, 63, 72, 73, 109, 118, 127], 
[1, 10, 46, 55, 74, 101, 119, 20, 47, 56, 75, 84, 111, 120, 121, 12, 21, 39, 49, 58, 67, 76, 103, 112, 4, 13, 22, 41, 68, 77, 86, 95, 104, 14, 23, 42, 87, 96, 124, 15, 24, 34, 52, 70, 79, 88, 98, 107, 116, 7, 16, 17, 35, 71, 80, 99, 108, 117, 8, 18, 27, 45, 73, 91, 109, 118], 
[1, 10, 28, 37, 64, 65, 74, 83, 92, 101, 128, 2, 11, 29, 38, 47, 56, 57, 66, 93, 121, 12, 21, 30, 39, 48, 67, 85, 103, 113, 122, 4, 22, 40, 50, 68, 77, 95, 104, 23, 42, 60, 69, 78, 24, 43, 61, 70, 88, 89, 107, 116, 7, 16, 26, 44, 71, 80, 81, 117, 8, 9, 18, 36, 54, 63, 72, 73, 91, 100, 118], 
[10, 28, 37, 65, 92, 128, 2, 11, 20, 38, 56, 66, 75, 93, 102, 120, 121, 3, 48, 49, 67, 85, 94, 103, 113, 4, 13, 22, 31, 40, 50, 59, 68, 77, 86, 105, 14, 33, 69, 78, 97, 115, 124, 6, 15, 24, 43, 70, 79, 88, 98, 107, 116, 7, 16, 17, 44, 62, 71, 80, 81, 99, 8, 9, 18, 36, 72, 100, 109, 118, 127], 
[1, 10, 19, 46, 64, 65, 74, 119, 128, 20, 29, 66, 75, 111, 3, 12, 21, 30, 49, 67, 85, 103, 112, 113, 122, 4, 40, 41, 50, 68, 86, 95, 105, 123, 14, 33, 69, 87, 106, 6, 24, 34, 43, 61, 70, 79, 89, 107, 116, 125, 7, 26, 35, 62, 71, 80, 81, 90, 108, 8, 9, 36, 63, 73, 91, 109, 118], 
[1, 19, 37, 55, 65, 74, 101, 2, 11, 29, 57, 66, 93, 111, 120, 121, 3, 30, 58, 67, 76, 85, 103, 13, 22, 40, 77, 86, 95, 114, 123, 5, 14, 23, 33, 60, 87, 96, 97, 106, 115, 124, 6, 15, 24, 43, 61, 70, 79, 88, 98, 7, 16, 17, 26, 35, 44, 62, 71, 80, 8, 9, 18, 54, 73, 91, 100, 118], 
[1, 19, 28, 37, 55, 64, 65, 74, 83, 92, 101, 110, 128, 11, 29, 38, 47, 56, 66, 93, 111, 120, 121, 3, 12, 21, 48, 67, 94, 113, 122, 4, 13, 31, 40, 50, 59, 68, 77, 95, 104, 123, 5, 14, 23, 60, 69, 96, 97, 106, 115, 124, 6, 15, 34, 52, 61, 88, 116, 7, 80, 81, 108, 8, 9, 18, 36, 45, 54, 72, 73, 109, 118, 127], 
[1, 10, 19, 65, 83, 101, 128, 2, 29, 47, 66, 84, 120, 121, 3, 12, 21, 30, 39, 48, 49, 58, 76, 85, 112, 113, 122, 31, 41, 50, 68, 77, 95, 123, 5, 14, 23, 33, 42, 60, 69, 78, 96, 97, 124, 6, 34, 88, 89, 98, 125, 7, 16, 17, 26, 35, 62, 71, 80, 81, 90, 108, 8, 9, 36, 63, 73, 109, 118, 127], 